448730.000000
87524.000000
65307.000000
74049.000000
49173.000000
17333.000000
57239.000000
29024.000000
5968.000000
52766.000000
20380.000000
53706.000000
101146.000000
78531.000000
37323.000000
81947.000000
78379.000000
68753.000000
10790.000000
67486.000000
14146.000000
87534.000000
5537.000000
73685.000000
72692.000000
61889.000000
88415.000000
80730.000000
18718.000000
93720.000000
213635.000000
105790.000000
89206.000000
81169.000000
90443.000000
98484.000000
86772.000000
90461.000000
75233.000000
99557.000000
85026.000000
75517.000000
55841.000000
23144.000000
58254.000000
13074.000000
83396.000000
83534.000000
52641.000000
75127.000000
15655.000000
80279.000000
98377.000000
99557.000000
36643.000000
105557.000000
53188.000000
75853.000000
52120.000000
48644.000000
56135.000000
69585.000000
83446.000000
81234.000000
67861.000000
78598.000000
99441.000000
35859.000000
81530.000000
67836.000000
13225.000000
72787.000000
78150.000000
78421.000000
39305.000000
63496.000000
103093.000000
78024.000000
85357.000000
71314.000000
76609.000000
65103.000000
89970.000000
11957.000000
17631.000000
6091.000000
45292.000000
80133.000000
73900.000000
8469.000000
6526.000000
4224.000000
27009.000000
8282.000000
58088.000000
80157.000000
83373.000000
63850.000000
7512.000000
5913.000000
4137.000000
11177.000000
90299.000000
4950.000000
5613.000000
50207.000000
19810.000000
89700.000000
89744.000000
75871.000000
58284.000000
36439.000000
12339.000000
76716.000000
62309.000000
96813.000000
2402.000000
100529.000000
65825.000000
81099.000000
102381.000000
37286.000000
65047.000000
42401.000000
52214.000000
56159.000000
73485.000000
5871.000000
77279.000000
88146.000000
84221.000000
46131.000000
93093.000000
64379.000000
27896.000000
52120.000000
75342.000000
84039.000000
81263.000000
11825.000000
5954.000000
3978.000000
66613.000000
51659.000000
74881.000000
87139.000000
41347.000000
73311.000000
46150.000000
102357.000000
79467.000000
79638.000000
24918.000000
103782.000000
90100.000000
108675.000000
87310.000000
68734.000000
75975.000000
87855.000000
63900.000000
38085.000000
22516.000000
22998.000000
91605.000000
77357.000000
100839.000000
35772.000000
11301.000000
86129.000000
84225.000000
74701.000000
64538.000000
82202.000000
38934.000000
113035.000000
31931.000000
96932.000000
86932.000000
26570.000000
83012.000000
82969.000000
112273.000000
57353.000000
106735.000000
83907.000000
15063.000000
26776.000000
39795.000000
79903.000000
7944.000000
5694.000000
7176.000000
25541.000000
10895.000000
8774.000000
13860.000000
17960.000000
36804.000000
17954.000000
46310.000000
65968.000000
7687.000000
13064.000000
89459.000000
4285.000000
87630.000000
105436.000000
63476.000000
63494.000000
9702.000000
86388.000000
15669.000000
103206.000000
67474.000000
87031.000000
104499.000000
87586.000000
90379.000000
96241.000000
98578.000000
39136.000000
30625.000000
102707.000000
5515.000000
36697.000000
6182.000000
17205.000000
20010.000000
4286.000000
4860.000000
5731.000000
7164.000000
82545.000000
79432.000000
7243.000000
4808.000000
4169.000000
21760.000000
9634.000000
71093.000000
6577.000000
4042.000000
12444.000000
17536.000000
82801.000000
74558.000000
110876.000000
87648.000000
74234.000000
108208.000000
39873.000000
13663.000000
7368.000000
73176.000000
73170.000000
40258.000000
62688.000000
80675.000000
32589.000000
21939.000000
31188.000000
87545.000000
10854.000000
77558.000000
42530.000000
78645.000000
86230.000000
86833.000000
108283.000000
51900.000000
77231.000000
76883.000000
24728.000000
34663.000000
29341.000000
4124.000000
4979.000000
8671.000000
8228.000000
8163.000000
86652.000000
87717.000000
30887.000000
96915.000000
20881.000000
69368.000000
30058.000000
69206.000000
81749.000000
91619.000000
84967.000000
98869.000000
38230.000000
59542.000000
79108.000000
78800.000000
105515.000000
82462.000000
94656.000000
95952.000000
85478.000000
98061.000000
89218.000000
28370.000000
76501.000000
82758.000000
74032.000000
95684.000000
81463.000000
32584.000000
63958.000000
87799.000000
13957.000000
70566.000000
91751.000000
97477.000000
19438.000000
89204.000000
86306.000000
87604.000000
94972.000000
106922.000000
100202.000000
104889.000000
79436.000000
88926.000000
61115.000000
5411.000000
93769.000000
90714.000000
54006.000000
31164.000000
8721.000000
5334.000000
4922.000000
83766.000000
88492.000000
56786.000000
44253.000000
60466.000000
85116.000000
82111.000000
62010.000000
90923.000000
76405.000000
77230.000000
83534.000000
86207.000000
49375.000000
25823.000000
7694.000000
63933.000000
77672.000000
24210.000000
40849.000000
79083.000000
82727.000000
81099.000000
26796.000000
41195.000000
62015.000000
28333.000000
11410.000000
29275.000000
95226.000000
68147.000000
93632.000000
20302.000000
4124.000000
8671.000000
8228.000000
8163.000000
20380.000000
28711.000000
98200.000000
100358.000000
36487.000000
101968.000000
78938.000000
21301.000000
76927.000000
21660.000000
47619.000000
44441.000000
34139.000000
93498.000000
88724.000000
13957.000000
67885.000000
86369.000000
92703.000000
60151.000000
83614.000000
94747.000000
27009.000000
10799.000000
86828.000000
7567.000000
36592.000000
65458.000000
74085.000000
67078.000000
27630.000000
37630.000000
8289.000000
29495.000000
32071.000000
100765.000000
20473.000000
13373.000000
115771.000000
46169.000000
42647.000000
9301.000000
36997.000000
88156.000000
32114.000000
67078.000000
23682.000000
36459.000000
37962.000000
77314.000000
65593.000000
76173.000000
68791.000000
33295.000000
72990.000000
79850.000000
82363.000000
11146.000000
103434.000000
25791.000000
74427.000000
60100.000000
94594.000000
11267.000000
74080.000000
39305.000000
81184.000000
58445.000000
62939.000000
63209.000000
28997.000000
2136.000000
73367.000000
79638.000000
62487.000000
83631.000000
