0.000000
0.000000
0.000000
0.000000
0.000000
0.000000
0.000000
0.000000
0.000000
271814.000000
13181.000000
54446.000000
54801.000000
47207.000000
52246.000000
71438.000000
66801.000000
53646.000000
13253.000000
61179.000000
14113.000000
70625.000000
4947.000000
63502.000000
55639.000000
55639.000000
68382.000000
67633.000000
13805.000000
62611.000000
43829.000000
60272.000000
57706.000000
63852.000000
55794.000000
58596.000000
50300.000000
60388.000000
54920.000000
52873.000000
60669.000000
48977.000000
60138.000000
25678.000000
43114.000000
10066.000000
55355.000000
69949.000000
48381.000000
51295.000000
19023.000000
52926.000000
57924.000000
52873.000000
40349.000000
66125.000000
43604.000000
54631.000000
43413.000000
43890.000000
35629.000000
63891.000000
69147.000000
63233.000000
56699.000000
55306.000000
60060.000000
40215.000000
55656.000000
54294.000000
23807.000000
63205.000000
56041.000000
52344.000000
24943.000000
53139.000000
56155.000000
40951.000000
70836.000000
59914.000000
63133.000000
70386.000000
72971.000000
12673.000000
15493.000000
5860.000000
40521.000000
57986.000000
70728.000000
11122.000000
6903.000000
4297.000000
19132.000000
11785.000000
50936.000000
57886.000000
80559.000000
61429.000000
7420.000000
4671.000000
4748.000000
10330.000000
53771.000000
6965.000000
5582.000000
54067.000000
19459.000000
110108.000000
66314.000000
42135.000000
42585.000000
30957.000000
14579.000000
54874.000000
54343.000000
74809.000000
1786.000000
74264.000000
61620.000000
57178.000000
68941.000000
48834.000000
64623.000000
58300.000000
54202.000000
54204.000000
63683.000000
4283.000000
49180.000000
58770.000000
63935.000000
41345.000000
75442.000000
55337.000000
29585.000000
43413.000000
62988.000000
57056.000000
66074.000000
8151.000000
6516.000000
5230.000000
55382.000000
50353.000000
60359.000000
49917.000000
47446.000000
49422.000000
37801.000000
68941.000000
60622.000000
57248.000000
17560.000000
59541.000000
76175.000000
62722.000000
59735.000000
65337.000000
61035.000000
59198.000000
46645.000000
28516.000000
24691.000000
17437.000000
54779.000000
50722.000000
70647.000000
30082.000000
9172.000000
53773.000000
71064.000000
51485.000000
50501.000000
52848.000000
39198.000000
48204.000000
48160.000000
75995.000000
60819.000000
29803.000000
64748.000000
60704.000000
48008.000000
66471.000000
57622.000000
51220.000000
19218.000000
25941.000000
43730.000000
61450.000000
7453.000000
5679.000000
7953.000000
29011.000000
12397.000000
10271.000000
13237.000000
17648.000000
38903.000000
19358.000000
48455.000000
47305.000000
8811.000000
14316.000000
59082.000000
3336.000000
70352.000000
74839.000000
45685.000000
35802.000000
6751.000000
66559.000000
18288.000000
37299.000000
33629.000000
53882.000000
67847.000000
66766.000000
60837.000000
74999.000000
59907.000000
35407.000000
27361.000000
71939.000000
5762.000000
38289.000000
10515.000000
20739.000000
15051.000000
5365.000000
4086.000000
7472.000000
7047.000000
61621.000000
60398.000000
9061.000000
5038.000000
5203.000000
24893.000000
12416.000000
62142.000000
8082.000000
4912.000000
11823.000000
23107.000000
59651.000000
69422.000000
66601.000000
66823.000000
69679.000000
72526.000000
47802.000000
15269.000000
8287.000000
75052.000000
51347.000000
44792.000000
62490.000000
61222.000000
32901.000000
36698.000000
31108.000000
60038.000000
11022.000000
63014.000000
48486.000000
59213.000000
62802.000000
72751.000000
62098.000000
32948.000000
68615.000000
55265.000000
27359.000000
32328.000000
10695.000000
5146.000000
4023.000000
9119.000000
5326.000000
11342.000000
80435.000000
66164.000000
32838.000000
70219.000000
19050.000000
63172.000000
34283.000000
62981.000000
54267.000000
61519.000000
59604.000000
68081.000000
43071.000000
59361.000000
73708.000000
66561.000000
82918.000000
59080.000000
63895.000000
66701.000000
61656.000000
73385.000000
56413.000000
34776.000000
65724.000000
55114.000000
59014.000000
63941.000000
69514.000000
27883.000000
57326.000000
66317.000000
12416.000000
73211.000000
78112.000000
55102.000000
15014.000000
67092.000000
69440.000000
65289.000000
72837.000000
67655.000000
33216.000000
41523.000000
42957.000000
60018.000000
46927.000000
7398.000000
60713.000000
45191.000000
53916.000000
28714.000000
7188.000000
4504.000000
5803.000000
63145.000000
66100.000000
46131.000000
61865.000000
32071.000000
70479.000000
56086.000000
45266.000000
63993.000000
59391.000000
61329.000000
63092.000000
41908.000000
46467.000000
18353.000000
10396.000000
49966.000000
42544.000000
8456.000000
47084.000000
53660.000000
57094.000000
57178.000000
31869.000000
26680.000000
57649.000000
34225.000000
10123.000000
10695.000000
62110.000000
55666.000000
52556.000000
14478.000000
5146.000000
9119.000000
5326.000000
11342.000000
13181.000000
22399.000000
66254.000000
67163.000000
34702.000000
71106.000000
45146.000000
24499.000000
59736.000000
21975.000000
58284.000000
30233.000000
36296.000000
71327.000000
68215.000000
12416.000000
68072.000000
72180.000000
62520.000000
48277.000000
57496.000000
65491.000000
19132.000000
9714.000000
63769.000000
7413.000000
47257.000000
54793.000000
67192.000000
68754.000000
23892.000000
30577.000000
14563.000000
32293.000000
39155.000000
59625.000000
17863.000000
13402.000000
54512.000000
54516.000000
49149.000000
6369.000000
31956.000000
81893.000000
33698.000000
68754.000000
21471.000000
46853.000000
32024.000000
57598.000000
52493.000000
62628.000000
30711.000000
28912.000000
65829.000000
40350.000000
48886.000000
13728.000000
62964.000000
35341.000000
71029.000000
49171.000000
62237.000000
9805.000000
55647.000000
24943.000000
70374.000000
54304.000000
56136.000000
23010.000000
24099.000000
2382.000000
65961.000000
57248.000000
47976.000000
67440.000000
