0.000000
0.000000
0.000000
0.000000
0.000000
0.000000
0.000000
0.000000
0.000000
0.000000
74386.000000
33769.000000
15174.000000
12866.000000
14607.000000
17003.000000
13369.000000
19030.000000
9751.000000
11601.000000
10599.000000
12771.000000
2864.000000
13818.000000
15712.000000
15712.000000
16442.000000
13562.000000
5054.000000
17572.000000
14118.000000
15806.000000
22255.000000
15873.000000
13794.000000
17661.000000
13921.000000
15064.000000
20495.000000
19361.000000
17739.000000
16667.000000
15407.000000
10083.000000
11053.000000
6942.000000
19509.000000
13819.000000
13525.000000
19385.000000
14267.000000
13641.000000
18492.000000
19361.000000
13938.000000
16357.000000
15644.000000
16356.000000
9385.000000
9961.000000
13776.000000
12743.000000
14476.000000
12313.000000
20177.000000
14172.000000
12037.000000
15259.000000
16711.000000
18423.000000
10395.000000
12658.000000
18202.000000
20464.000000
40914.000000
19258.000000
24448.000000
19923.000000
14607.000000
15882.000000
10873.000000
14620.000000
16969.000000
6413.000000
11598.000000
3922.000000
26946.000000
9774.000000
16177.000000
6339.000000
4761.000000
3409.000000
6494.000000
6548.000000
12040.000000
14707.000000
15995.000000
8387.000000
6755.000000
4179.000000
3603.000000
7244.000000
14624.000000
3426.000000
3793.000000
13017.000000
8523.000000
14535.000000
17272.000000
15793.000000
16344.000000
11452.000000
9150.000000
15765.000000
12006.000000
14611.000000
1126.000000
17057.000000
16643.000000
16429.000000
16480.000000
15476.000000
14380.000000
14284.000000
8222.000000
6575.000000
21536.000000
4617.000000
12728.000000
16298.000000
14154.000000
13662.000000
14157.000000
10117.000000
18123.000000
9385.000000
15381.000000
12503.000000
17308.000000
12337.000000
6151.000000
1881.000000
13284.000000
21736.000000
18225.000000
11269.000000
13661.000000
14633.000000
12339.000000
16702.000000
13133.000000
18607.000000
22048.000000
13579.000000
11963.000000
14211.000000
17557.000000
26965.000000
21838.000000
20357.000000
15897.000000
14643.000000
9766.000000
15896.000000
16207.000000
8322.000000
12094.000000
17550.000000
6298.000000
16553.000000
19507.000000
18873.000000
15337.000000
12375.000000
12389.000000
23206.000000
17306.000000
16997.000000
12140.000000
13796.000000
14960.000000
17003.000000
23206.000000
12060.000000
14840.000000
17522.000000
14700.000000
9170.000000
14191.000000
11223.000000
6066.000000
3866.000000
5379.000000
12698.000000
5843.000000
6265.000000
5354.000000
11232.000000
13436.000000
11764.000000
11979.000000
12321.000000
10107.000000
11408.000000
14265.000000
2258.000000
15203.000000
13214.000000
15007.000000
12999.000000
4296.000000
19771.000000
13949.000000
18723.000000
13843.000000
16842.000000
15323.000000
10879.000000
16559.000000
13115.000000
19035.000000
12562.000000
9214.000000
12423.000000
3398.000000
11706.000000
3398.000000
12846.000000
13500.000000
3715.000000
3806.000000
5072.000000
4335.000000
17471.000000
17822.000000
3473.000000
4324.000000
4382.000000
12404.000000
7244.000000
15523.000000
3815.000000
3020.000000
6980.000000
9456.000000
14766.000000
14479.000000
13633.000000
14550.000000
18158.000000
11664.000000
16836.000000
13863.000000
5314.000000
14635.000000
11614.000000
13789.000000
14645.000000
12325.000000
15034.000000
12399.000000
17140.000000
14920.000000
7744.000000
15483.000000
13461.000000
14978.000000
13756.000000
14276.000000
12628.000000
21727.000000
8583.000000
12178.000000
12565.000000
14290.000000
6783.000000
3422.000000
4531.000000
6128.000000
5503.000000
6829.000000
15995.000000
15625.000000
15678.000000
18227.000000
8815.000000
17708.000000
13011.000000
10694.000000
16989.000000
15438.000000
12121.000000
14728.000000
12375.000000
11523.000000
10663.000000
13134.000000
14972.000000
16718.000000
15222.000000
15456.000000
14675.000000
17448.000000
14066.000000
9044.000000
13819.000000
10911.000000
14788.000000
13542.000000
8943.000000
13872.000000
12081.000000
12743.000000
8904.000000
14965.000000
13307.000000
20143.000000
7050.000000
15989.000000
16057.000000
13526.000000
17358.000000
15103.000000
15660.000000
20296.000000
13889.000000
16775.000000
13627.000000
2914.000000
16630.000000
17656.000000
16131.000000
13299.000000
4672.000000
3930.000000
5191.000000
14876.000000
9913.000000
13119.000000
16975.000000
16447.000000
21539.000000
14118.000000
15965.000000
13165.000000
17137.000000
10753.000000
15887.000000
11741.000000
10342.000000
9469.000000
9862.000000
14912.000000
11637.000000
10025.000000
14507.000000
12309.000000
16349.000000
16429.000000
15895.000000
34141.000000
32896.000000
9710.000000
8629.000000
6783.000000
17314.000000
7062.000000
21861.000000
16241.000000
3422.000000
6128.000000
5503.000000
6829.000000
74386.000000
28813.000000
18576.000000
10711.000000
14522.000000
16531.000000
12033.000000
14150.000000
12915.000000
16923.000000
14930.000000
17239.000000
11196.000000
15617.000000
16624.000000
8904.000000
16204.000000
14084.000000
17006.000000
13060.000000
9725.000000
16084.000000
6494.000000
7203.000000
12877.000000
5252.000000
14054.000000
7661.000000
13144.000000
13217.000000
15183.000000
14952.000000
5892.000000
10260.000000
9083.000000
15298.000000
11533.000000
12721.000000
14702.000000
25250.000000
21302.000000
11423.000000
29111.000000
19520.000000
10468.000000
13217.000000
15429.000000
11834.000000
13916.000000
17293.000000
11424.000000
15197.000000
13654.000000
11804.000000
12924.000000
10180.000000
21893.000000
10360.000000
16945.000000
12786.000000
13445.000000
15337.000000
15338.000000
8527.000000
32880.000000
40914.000000
13036.000000
21173.000000
19883.000000
12612.000000
9457.000000
2408.000000
16113.000000
18920.000000
15463.000000
19695.000000
