0.000000
0.000000
0.000000
0.000000
0.000000
0.000000
0.000000
0.000000
0.000000
0.000000
0.000000
611935.000000
126579.000000
56430.000000
83206.000000
117555.000000
131043.000000
58174.000000
14778.000000
62144.000000
12379.000000
90333.000000
6782.000000
59358.000000
45669.000000
45669.000000
142819.000000
99313.000000
13003.000000
87891.000000
25487.000000
106382.000000
138909.000000
82849.000000
130812.000000
121872.000000
115419.000000
112920.000000
134701.000000
126465.000000
120326.000000
118434.000000
100459.000000
15936.000000
57659.000000
10814.000000
129276.000000
106946.000000
52851.000000
107010.000000
16542.000000
74749.000000
122682.000000
126465.000000
64896.000000
126945.000000
59514.000000
102687.000000
38721.000000
41462.000000
36137.000000
77953.000000
101987.000000
93612.000000
78130.000000
73646.000000
111213.000000
39892.000000
144728.000000
67347.000000
16555.000000
104274.000000
58473.000000
133873.000000
73245.000000
39163.000000
55520.000000
94601.000000
113391.000000
69436.000000
63143.000000
118207.000000
149498.000000
13356.000000
17442.000000
4012.000000
71887.000000
76553.000000
63307.000000
9255.000000
4119.000000
4466.000000
15681.000000
27295.000000
59617.000000
71894.000000
91362.000000
81556.000000
5169.000000
7297.000000
3884.000000
11248.000000
113227.000000
3493.000000
3601.000000
36152.000000
15445.000000
128880.000000
118751.000000
43672.000000
36678.000000
31351.000000
19583.000000
121823.000000
58946.000000
118382.000000
2244.000000
99090.000000
90227.000000
65493.000000
106207.000000
56138.000000
55002.000000
50802.000000
32714.000000
34387.000000
143573.000000
6052.000000
91060.000000
111049.000000
113989.000000
63385.000000
130956.000000
25948.000000
33961.000000
38721.000000
125711.000000
119015.000000
129306.000000
11963.000000
10770.000000
4271.000000
79891.000000
41819.000000
111566.000000
76298.000000
89547.000000
99077.000000
42395.000000
105835.000000
87001.000000
122517.000000
71559.000000
123220.000000
107491.000000
111952.000000
137707.000000
101604.000000
84555.000000
103786.000000
56529.000000
33705.000000
15675.000000
19117.000000
112971.000000
57523.000000
95788.000000
24872.000000
7672.000000
142787.000000
128368.000000
103602.000000
85128.000000
97720.000000
37911.000000
121606.000000
41680.000000
118272.000000
127773.000000
21327.000000
114982.000000
103588.000000
121606.000000
53663.000000
133047.000000
72140.000000
22049.000000
29984.000000
21666.000000
112078.000000
7326.000000
5891.000000
5734.000000
23084.000000
9346.000000
8953.000000
7969.000000
17241.000000
33487.000000
12559.000000
33908.000000
46177.000000
7826.000000
12643.000000
99584.000000
2943.000000
110294.000000
80648.000000
91547.000000
76964.000000
6262.000000
145756.000000
17205.000000
53663.000000
31155.000000
73363.000000
100071.000000
77780.000000
107485.000000
114334.000000
108286.000000
32186.000000
20978.000000
114613.000000
6378.000000
44442.000000
6908.000000
19121.000000
15210.000000
5532.000000
2827.000000
5744.000000
6685.000000
71757.000000
76807.000000
6624.000000
3888.000000
4579.000000
20948.000000
9577.000000
96041.000000
6348.000000
4248.000000
10757.000000
20780.000000
116711.000000
75329.000000
125660.000000
103366.000000
95368.000000
125985.000000
41628.000000
13530.000000
5863.000000
93944.000000
111569.000000
38065.000000
70856.000000
115794.000000
22392.000000
28412.000000
23312.000000
90579.000000
16949.000000
80149.000000
38545.000000
99301.000000
82473.000000
116780.000000
80942.000000
32472.000000
78039.000000
76503.000000
31150.000000
31618.000000
15932.000000
4929.000000
4881.000000
6319.000000
6686.000000
7867.000000
91456.000000
131374.000000
46705.000000
115553.000000
16552.000000
98099.000000
38261.000000
96880.000000
99703.000000
104637.000000
119892.000000
114964.000000
37992.000000
68999.000000
96549.000000
99304.000000
117092.000000
86279.000000
133624.000000
133341.000000
94204.000000
110125.000000
109722.000000
23524.000000
113520.000000
113819.000000
99661.000000
98314.000000
90104.000000
19459.000000
64416.000000
103167.000000
11516.000000
102279.000000
117153.000000
127202.000000
14910.000000
109918.000000
95220.000000
115586.000000
123565.000000
122806.000000
32343.000000
38421.000000
73207.000000
123675.000000
60188.000000
7229.000000
118423.000000
109080.000000
50522.000000
41686.000000
9145.000000
4379.000000
6463.000000
121954.000000
85328.000000
69893.000000
50250.000000
43030.000000
122465.000000
97037.000000
66383.000000
144982.000000
116330.000000
87104.000000
83526.000000
94517.000000
26072.000000
16081.000000
10106.000000
75042.000000
56425.000000
21553.000000
50317.000000
116390.000000
79489.000000
65493.000000
27695.000000
60285.000000
116826.000000
26495.000000
6265.000000
15932.000000
135534.000000
62346.000000
96910.000000
18040.000000
4929.000000
6319.000000
6686.000000
7867.000000
33181.000000
43394.000000
121385.000000
125714.000000
23749.000000
101500.000000
63650.000000
15365.000000
110602.000000
22712.000000
30022.000000
35135.000000
38664.000000
94525.000000
117017.000000
11516.000000
145838.000000
110494.000000
106446.000000
49427.000000
107381.000000
123121.000000
15681.000000
9193.000000
87791.000000
7466.000000
36037.000000
26845.000000
99590.000000
110074.000000
22229.000000
29122.000000
10838.000000
21483.000000
33229.000000
102033.000000
15614.000000
9963.000000
102179.000000
129766.000000
40739.000000
14656.000000
79380.000000
111733.000000
40807.000000
110074.000000
22568.000000
36063.000000
29122.000000
93865.000000
121484.000000
70730.000000
24979.000000
34673.000000
103167.000000
79293.000000
82412.000000
9484.000000
117339.000000
34966.000000
126545.000000
49816.000000
121463.000000
6135.000000
113369.000000
73245.000000
106956.000000
68553.000000
34221.000000
33766.000000
24199.000000
2698.000000
93569.000000
127358.000000
111049.000000
126907.000000
