0.000000
0.000000
0.000000
0.000000
0.000000
0.000000
0.000000
0.000000
0.000000
0.000000
0.000000
0.000000
2598456.000000
146949.000000
100386.000000
203160.000000
305679.000000
123000.000000
15930.000000
97545.000000
17679.000000
168405.000000
4726.000000
137182.000000
97244.000000
99412.000000
328325.000000
265406.000000
15751.000000
232878.000000
46834.000000
396497.000000
199561.000000
167857.000000
459713.000000
1238963.000000
517590.000000
1304854.000000
191810.000000
1288222.000000
1298945.000000
491029.000000
341969.000000
36145.000000
121288.000000
12041.000000
289734.000000
527594.000000
56395.000000
274426.000000
17957.000000
115756.000000
453971.000000
1290917.000000
68931.000000
495806.000000
68032.000000
151128.000000
65098.000000
51021.000000
83420.000000
117971.000000
183802.000000
415376.000000
127843.000000
83780.000000
199179.000000
50227.000000
277238.000000
93961.000000
18004.000000
125174.000000
54493.000000
213036.000000
37974.000000
71394.000000
86333.000000
160354.000000
285580.000000
121511.000000
137059.000000
429909.000000
503845.000000
11038.000000
18551.000000
6117.000000
51263.000000
273447.000000
118625.000000
11490.000000
8067.000000
5027.000000
29927.000000
12345.000000
71087.000000
149011.000000
130072.000000
172133.000000
7080.000000
5129.000000
5269.000000
11198.000000
221131.000000
5759.000000
4607.000000
52795.000000
22053.000000
189921.000000
513275.000000
88434.000000
112585.000000
51500.000000
18133.000000
303419.000000
81982.000000
415087.000000
2754.000000
537678.000000
188484.000000
101043.000000
214496.000000
78969.000000
124050.000000
78424.000000
60695.000000
58132.000000
183879.000000
6756.000000
263460.000000
221007.000000
321861.000000
59325.000000
470635.000000
192995.000000
49499.000000
65098.000000
479304.000000
489640.000000
215616.000000
13303.000000
10910.000000
5611.000000
129144.000000
63039.000000
207064.000000
127935.000000
225405.000000
215785.000000
54008.000000
240077.000000
134221.000000
259904.000000
36937.000000
527930.000000
485746.000000
284187.000000
542140.000000
252767.000000
109003.000000
139198.000000
101501.000000
36022.000000
29024.000000
21287.000000
294072.000000
124128.000000
388582.000000
64600.000000
10784.000000
414733.000000
297769.000000
277440.000000
108537.000000
297353.000000
59667.000000
224111.000000
67058.000000
502924.000000
213998.000000
33436.000000
286498.000000
534956.000000
226307.000000
81811.000000
224245.000000
95155.000000
26810.000000
38646.000000
58663.000000
145750.000000
4678.000000
6710.000000
9299.000000
38334.000000
12430.000000
11208.000000
11440.000000
16912.000000
45172.000000
21927.000000
45900.000000
73192.000000
10492.000000
15924.000000
179312.000000
3672.000000
188785.000000
199469.000000
277410.000000
62424.000000
6538.000000
484318.000000
22641.000000
65568.000000
66323.000000
162777.000000
367061.000000
115841.000000
241259.000000
522438.000000
564192.000000
45500.000000
33786.000000
465893.000000
6789.000000
46725.000000
8622.000000
23413.000000
14977.000000
5645.000000
4027.000000
6114.000000
6804.000000
127811.000000
111707.000000
9148.000000
4908.000000
4379.000000
36194.000000
14606.000000
113619.000000
10811.000000
5618.000000
11529.000000
18381.000000
177408.000000
104530.000000
469309.000000
217959.000000
141265.000000
334082.000000
40776.000000
12741.000000
7725.000000
387550.000000
154667.000000
41860.000000
101388.000000
471431.000000
40307.000000
33914.000000
38156.000000
179710.000000
14783.000000
108014.000000
55473.000000
169309.000000
224665.000000
200606.000000
119274.000000
49971.000000
150820.000000
140543.000000
31846.000000
42582.000000
14799.000000
5882.000000
4006.000000
6841.000000
8506.000000
10300.000000
133720.000000
467889.000000
63413.000000
378146.000000
20545.000000
144477.000000
31764.000000
177821.000000
160992.000000
434475.000000
178910.000000
280769.000000
49322.000000
115975.000000
359649.000000
199640.000000
513526.000000
146616.000000
310824.000000
537059.000000
306474.000000
170169.000000
273525.000000
21990.000000
176463.000000
405523.000000
121660.000000
313327.000000
103377.000000
29121.000000
130410.000000
172608.000000
12629.000000
226981.000000
189847.000000
272513.000000
23662.000000
188394.000000
360788.000000
383651.000000
241452.000000
248520.000000
31424.000000
39533.000000
114281.000000
495588.000000
84777.000000
7912.000000
522092.000000
157929.000000
70660.000000
40801.000000
9553.000000
5653.000000
5814.000000
450996.000000
160000.000000
117785.000000
89766.000000
66444.000000
540594.000000
307750.000000
90822.000000
519626.000000
497601.000000
137286.000000
202556.000000
302631.000000
80783.000000
27299.000000
9635.000000
86659.000000
124837.000000
16258.000000
54685.000000
397354.000000
111848.000000
101043.000000
26002.000000
43325.000000
85671.000000
37053.000000
11443.000000
29038.000000
323626.000000
115370.000000
122183.000000
25195.000000
5882.000000
6841.000000
8506.000000
10300.000000
18900.000000
23590.000000
591896.000000
315355.000000
48566.000000
493600.000000
140559.000000
28314.000000
236912.000000
29552.000000
93996.000000
28525.000000
39028.000000
517402.000000
392132.000000
12629.000000
312334.000000
420491.000000
518262.000000
68681.000000
242912.000000
320620.000000
29927.000000
11512.000000
146430.000000
8864.000000
42013.000000
109644.000000
310460.000000
546347.000000
27526.000000
28528.000000
14577.000000
25293.000000
40902.000000
468599.000000
29360.000000
13064.000000
352759.000000
90115.000000
66714.000000
9474.000000
36551.000000
501116.000000
46387.000000
546347.000000
27718.000000
33648.000000
28528.000000
136644.000000
364133.000000
94677.000000
90567.000000
98310.000000
304196.000000
513231.000000
166669.000000
12336.000000
157646.000000
30582.000000
322802.000000
87461.000000
301082.000000
10917.000000
92420.000000
37974.000000
193517.000000
128101.000000
70975.000000
29500.000000
29666.000000
2932.000000
195911.000000
265155.000000
120847.000000
392036.000000
