0.000000
0.000000
0.000000
0.000000
0.000000
0.000000
0.000000
0.000000
0.000000
0.000000
0.000000
0.000000
0.000000
549304.000000
65421.000000
112134.000000
106377.000000
84998.000000
14067.000000
82890.000000
18744.000000
101136.000000
6585.000000
86198.000000
75777.000000
75777.000000
126731.000000
120770.000000
13081.000000
96616.000000
42215.000000
117335.000000
114798.000000
89696.000000
122638.000000
137923.000000
109909.000000
131894.000000
108197.000000
135626.000000
135354.000000
127150.000000
104063.000000
32345.000000
68150.000000
11924.000000
106936.000000
111513.000000
63379.000000
90958.000000
18292.000000
81512.000000
106428.000000
135626.000000
48679.000000
126834.000000
55584.000000
103547.000000
52821.000000
49751.000000
72818.000000
72462.000000
89827.000000
94143.000000
74213.000000
88778.000000
83551.000000
37048.000000
112330.000000
82794.000000
18975.000000
81871.000000
60341.000000
115191.000000
39614.000000
163533.000000
78587.000000
71635.000000
92368.000000
83144.000000
89850.000000
105338.000000
135526.000000
13759.000000
19200.000000
4352.000000
55409.000000
115602.000000
83755.000000
9834.000000
5773.000000
3843.000000
28034.000000
11052.000000
55100.000000
89985.000000
103546.000000
112867.000000
6220.000000
5389.000000
4611.000000
8790.000000
94467.000000
5560.000000
5689.000000
49615.000000
17579.000000
108077.000000
106375.000000
75776.000000
81602.000000
34560.000000
23502.000000
120416.000000
79346.000000
113320.000000
1262.000000
130234.000000
110418.000000
86697.000000
111442.000000
65208.000000
102302.000000
60490.000000
55035.000000
53209.000000
87133.000000
7342.000000
94431.000000
97043.000000
95696.000000
45360.000000
127482.000000
115757.000000
41121.000000
52821.000000
123240.000000
115858.000000
93865.000000
14481.000000
9076.000000
4339.000000
91905.000000
65921.000000
101840.000000
108718.000000
113908.000000
115373.000000
54640.000000
113254.000000
110073.000000
97565.000000
35054.000000
117224.000000
99999.000000
140115.000000
118795.000000
100656.000000
91482.000000
111227.000000
89363.000000
32684.000000
25918.000000
17815.000000
109217.000000
92079.000000
118387.000000
43091.000000
11947.000000
116262.000000
112269.000000
100251.000000
100921.000000
103430.000000
38385.000000
127152.000000
41405.000000
118301.000000
97245.000000
26622.000000
94576.000000
112293.000000
109558.000000
74855.000000
105949.000000
68401.000000
24973.000000
32811.000000
44875.000000
95585.000000
7655.000000
7197.000000
6189.000000
36473.000000
10789.000000
9474.000000
7842.000000
18396.000000
47372.000000
17572.000000
51930.000000
60638.000000
9852.000000
13117.000000
99228.000000
4415.000000
104221.000000
121132.000000
100738.000000
74597.000000
7961.000000
112964.000000
22668.000000
48657.000000
48145.000000
98746.000000
112230.000000
86353.000000
118067.000000
125363.000000
116111.000000
50325.000000
32411.000000
113095.000000
6109.000000
44990.000000
10138.000000
20582.000000
16778.000000
5611.000000
4098.000000
6764.000000
5161.000000
107952.000000
89636.000000
7003.000000
5132.000000
6168.000000
29166.000000
14199.000000
73580.000000
6676.000000
5571.000000
8472.000000
18092.000000
113435.000000
88739.000000
124654.000000
103599.000000
94416.000000
119387.000000
35251.000000
14114.000000
6500.000000
111002.000000
81862.000000
44968.000000
83537.000000
122605.000000
34762.000000
32740.000000
23305.000000
107906.000000
15330.000000
91320.000000
60250.000000
103808.000000
109749.000000
113177.000000
121532.000000
62586.000000
86111.000000
90865.000000
27786.000000
40646.000000
25196.000000
5610.000000
6576.000000
8910.000000
10087.000000
8926.000000
105984.000000
131739.000000
36404.000000
129906.000000
21272.000000
85900.000000
27846.000000
96582.000000
98567.000000
111976.000000
115163.000000
108254.000000
40132.000000
75845.000000
126426.000000
120119.000000
114929.000000
105155.000000
113751.000000
115805.000000
115382.000000
108956.000000
95423.000000
23640.000000
88151.000000
112283.000000
96193.000000
94245.000000
93156.000000
35057.000000
87530.000000
95108.000000
16414.000000
100973.000000
98986.000000
115091.000000
20972.000000
112614.000000
115316.000000
117108.000000
136390.000000
99539.000000
65047.000000
55884.000000
75562.000000
139567.000000
82165.000000
6524.000000
128092.000000
90754.000000
61757.000000
53229.000000
8451.000000
5729.000000
4831.000000
118845.000000
88916.000000
75849.000000
68834.000000
73194.000000
118570.000000
108455.000000
73567.000000
119022.000000
133315.000000
90299.000000
145304.000000
106936.000000
46124.000000
24324.000000
11047.000000
60134.000000
89655.000000
13823.000000
56670.000000
107912.000000
89378.000000
86697.000000
27998.000000
34631.000000
51283.000000
53460.000000
14597.000000
25395.000000
101247.000000
101561.000000
79427.000000
22030.000000
5610.000000
8910.000000
10087.000000
8926.000000
14106.000000
27041.000000
131038.000000
102324.000000
31774.000000
130309.000000
105813.000000
23618.000000
102172.000000
26144.000000
78382.000000
23542.000000
44606.000000
119764.000000
112049.000000
16414.000000
115628.000000
111039.000000
112902.000000
65443.000000
102938.000000
113916.000000
28034.000000
9269.000000
91758.000000
8767.000000
35123.000000
88952.000000
111014.000000
137546.000000
32274.000000
20205.000000
12198.000000
24659.000000
41029.000000
110948.000000
17562.000000
14828.000000
80079.000000
72638.000000
51710.000000
6268.000000
41819.000000
114188.000000
44666.000000
137546.000000
34012.000000
39692.000000
20205.000000
106510.000000
105758.000000
87477.000000
62448.000000
74062.000000
111184.000000
124632.000000
78898.000000
11628.000000
98933.000000
28625.000000
122062.000000
70461.000000
129613.000000
14639.000000
72797.000000
39614.000000
92625.000000
95568.000000
62699.000000
31883.000000
30309.000000
2005.000000
105515.000000
99202.000000
95341.000000
128967.000000
