0.000000
0.000000
0.000000
0.000000
0.000000
0.000000
0.000000
0.000000
0.000000
0.000000
0.000000
0.000000
0.000000
0.000000
505521.000000
106171.000000
78441.000000
81058.000000
12875.000000
74452.000000
15827.000000
69958.000000
5159.000000
76283.000000
59683.000000
59683.000000
99048.000000
102332.000000
12869.000000
95397.000000
36187.000000
90160.000000
91945.000000
82888.000000
98371.000000
92544.000000
98640.000000
103072.000000
89851.000000
100179.000000
88982.000000
111862.000000
106080.000000
31620.000000
66560.000000
10176.000000
88320.000000
101870.000000
49722.000000
107202.000000
15593.000000
78558.000000
118597.000000
100179.000000
47398.000000
96376.000000
40379.000000
84715.000000
62344.000000
42297.000000
54220.000000
78503.000000
92381.000000
93153.000000
80737.000000
58379.000000
79344.000000
45872.000000
103115.000000
66271.000000
11386.000000
85554.000000
49117.000000
85527.000000
24540.000000
46633.000000
38621.000000
59980.000000
88378.000000
66515.000000
78668.000000
104967.000000
119072.000000
7755.000000
14662.000000
5030.000000
45129.000000
77354.000000
70963.000000
8533.000000
6674.000000
4106.000000
22630.000000
14289.000000
64010.000000
62531.000000
87507.000000
77095.000000
5913.000000
5492.000000
4150.000000
6106.000000
94059.000000
3841.000000
5208.000000
48668.000000
14932.000000
73379.000000
78385.000000
55425.000000
70018.000000
37157.000000
14657.000000
103626.000000
66544.000000
103103.000000
1547.000000
99212.000000
121675.000000
70001.000000
99475.000000
68192.000000
70442.000000
54033.000000
38319.000000
43626.000000
85497.000000
6235.000000
109749.000000
87934.000000
105240.000000
51589.000000
106039.000000
89027.000000
39381.000000
62344.000000
103133.000000
91009.000000
87541.000000
9154.000000
8035.000000
2880.000000
66933.000000
57781.000000
77967.000000
100013.000000
92199.000000
101469.000000
46043.000000
97487.000000
87783.000000
93721.000000
26813.000000
105680.000000
97204.000000
104291.000000
92266.000000
70332.000000
73883.000000
61398.000000
72987.000000
35059.000000
22799.000000
15365.000000
94808.000000
65446.000000
92763.000000
54897.000000
10490.000000
94180.000000
93035.000000
101509.000000
71992.000000
95449.000000
47104.000000
90959.000000
41006.000000
115182.000000
111943.000000
18680.000000
106516.000000
91841.000000
90959.000000
62394.000000
86618.000000
72752.000000
15632.000000
37616.000000
34675.000000
89354.000000
4626.000000
5754.000000
5263.000000
22102.000000
10483.000000
10073.000000
8497.000000
16317.000000
38147.000000
20932.000000
41064.000000
52133.000000
9306.000000
10388.000000
70615.000000
3538.000000
88285.000000
86796.000000
108350.000000
55038.000000
7768.000000
105481.000000
17736.000000
26493.000000
34283.000000
85692.000000
88191.000000
77134.000000
89074.000000
104785.000000
103332.000000
38151.000000
31849.000000
91229.000000
3924.000000
38729.000000
8891.000000
20571.000000
14941.000000
4600.000000
3293.000000
5583.000000
7410.000000
80570.000000
68192.000000
8790.000000
4291.000000
4088.000000
24463.000000
9807.000000
75895.000000
5850.000000
3321.000000
7515.000000
16578.000000
77307.000000
80714.000000
111934.000000
91470.000000
97505.000000
104870.000000
33304.000000
11660.000000
5765.000000
92274.000000
80149.000000
29562.000000
65910.000000
95693.000000
29771.000000
25777.000000
17020.000000
101683.000000
12038.000000
84808.000000
35212.000000
84915.000000
71910.000000
100758.000000
78093.000000
46297.000000
75806.000000
98123.000000
19442.000000
26816.000000
17408.000000
3200.000000
2632.000000
5748.000000
7270.000000
7286.000000
83782.000000
107836.000000
40858.000000
95611.000000
13581.000000
93125.000000
24837.000000
90445.000000
89389.000000
87976.000000
96774.000000
92244.000000
39138.000000
68626.000000
90884.000000
97458.000000
115114.000000
86637.000000
93716.000000
100629.000000
96953.000000
85809.000000
90569.000000
25366.000000
91398.000000
104869.000000
82383.000000
95195.000000
62741.000000
25325.000000
72845.000000
87616.000000
7127.000000
80741.000000
90397.000000
97401.000000
19346.000000
102844.000000
99132.000000
103070.000000
89375.000000
100068.000000
21059.000000
34768.000000
53543.000000
95748.000000
73323.000000
5683.000000
126190.000000
82422.000000
54897.000000
36184.000000
6122.000000
5573.000000
5823.000000
105610.000000
78463.000000
68571.000000
58886.000000
53265.000000
111747.000000
90770.000000
66481.000000
104574.000000
93790.000000
72285.000000
99185.000000
83665.000000
54084.000000
26683.000000
8617.000000
58456.000000
59513.000000
14389.000000
59953.000000
88664.000000
64008.000000
70001.000000
19360.000000
34065.000000
43754.000000
31002.000000
14189.000000
20112.000000
89367.000000
76967.000000
53129.000000
21796.000000
3200.000000
5748.000000
7270.000000
7286.000000
17774.000000
22644.000000
99057.000000
100437.000000
22050.000000
118956.000000
76721.000000
20173.000000
91683.000000
24250.000000
53430.000000
27250.000000
33879.000000
92300.000000
92724.000000
7127.000000
72281.000000
104003.000000
97093.000000
51554.000000
76326.000000
105398.000000
22630.000000
6045.000000
73963.000000
6071.000000
26850.000000
74546.000000
97198.000000
92503.000000
20864.000000
23280.000000
12400.000000
22575.000000
35807.000000
108093.000000
19150.000000
14271.000000
73767.000000
68998.000000
50282.000000
6445.000000
23689.000000
95800.000000
37907.000000
92503.000000
20302.000000
27588.000000
20622.000000
85672.000000
88580.000000
70926.000000
49805.000000
63075.000000
97656.000000
106595.000000
83877.000000
7706.000000
71131.000000
32941.000000
78495.000000
58532.000000
102829.000000
13983.000000
43754.000000
24540.000000
90216.000000
57931.000000
46256.000000
18256.000000
21890.000000
1557.000000
83319.000000
93620.000000
75164.000000
96770.000000
