0.000000
0.000000
0.000000
0.000000
0.000000
0.000000
0.000000
0.000000
0.000000
0.000000
0.000000
0.000000
0.000000
0.000000
0.000000
1109069.000000
187966.000000
108204.000000
15359.000000
97223.000000
17860.000000
178816.000000
5254.000000
100539.000000
90286.000000
90231.000000
189590.000000
179019.000000
15738.000000
172096.000000
42376.000000
178100.000000
168436.000000
132598.000000
201997.000000
222659.000000
211830.000000
200574.000000
162250.000000
239243.000000
218559.000000
194979.000000
156559.000000
21757.000000
105889.000000
12168.000000
172850.000000
226717.000000
60537.000000
203526.000000
20626.000000
127486.000000
210151.000000
239243.000000
66744.000000
222042.000000
66323.000000
134768.000000
68424.000000
52995.000000
51477.000000
104108.000000
150128.000000
207909.000000
103572.000000
92205.000000
112218.000000
41886.000000
203788.000000
93082.000000
20598.000000
121738.000000
56209.000000
181486.000000
29830.000000
52404.000000
81685.000000
122273.000000
206521.000000
104887.000000
109251.000000
179400.000000
199377.000000
10902.000000
19836.000000
8939.000000
43191.000000
179787.000000
100363.000000
9077.000000
5374.000000
4715.000000
24063.000000
10576.000000
78870.000000
124039.000000
136574.000000
150410.000000
6185.000000
6937.000000
4317.000000
15544.000000
172568.000000
6011.000000
5137.000000
58162.000000
20008.000000
173990.000000
239855.000000
65413.000000
110296.000000
44297.000000
21139.000000
160897.000000
78293.000000
211827.000000
2051.000000
237095.000000
151658.000000
108792.000000
160436.000000
79141.000000
122369.000000
82482.000000
55613.000000
57153.000000
141509.000000
8271.000000
141988.000000
164592.000000
205788.000000
46535.000000
240488.000000
152106.000000
35323.000000
68424.000000
203196.000000
165458.000000
180720.000000
12123.000000
9445.000000
5600.000000
124001.000000
85951.000000
157754.000000
109076.000000
123509.000000
130661.000000
58485.000000
163556.000000
122557.000000
175788.000000
32684.000000
189641.000000
211758.000000
192392.000000
238375.000000
126022.000000
106246.000000
138275.000000
74834.000000
44470.000000
22664.000000
18946.000000
211222.000000
98962.000000
214463.000000
58182.000000
11931.000000
200849.000000
177818.000000
192737.000000
104524.000000
187321.000000
52562.000000
179389.000000
51692.000000
219822.000000
146963.000000
34837.000000
220576.000000
211168.000000
184706.000000
101454.000000
178852.000000
81173.000000
19553.000000
30304.000000
55033.000000
108943.000000
5813.000000
5114.000000
6438.000000
31690.000000
10639.000000
9499.000000
9495.000000
22132.000000
48722.000000
14187.000000
42243.000000
85417.000000
9978.000000
21616.000000
152858.000000
4918.000000
176077.000000
163351.000000
136399.000000
65315.000000
7447.000000
217371.000000
16997.000000
63639.000000
39397.000000
126586.000000
226866.000000
93929.000000
164196.000000
221171.000000
241478.000000
48916.000000
36571.000000
211227.000000
6379.000000
44694.000000
7369.000000
25769.000000
18619.000000
6921.000000
4647.000000
7612.000000
6876.000000
139092.000000
96607.000000
6114.000000
4231.000000
5557.000000
25342.000000
12152.000000
115295.000000
6033.000000
5156.000000
10151.000000
21478.000000
149246.000000
104635.000000
226709.000000
191799.000000
125850.000000
196482.000000
43067.000000
14095.000000
8109.000000
198572.000000
161261.000000
46000.000000
96897.000000
217578.000000
38385.000000
31914.000000
23347.000000
161567.000000
14669.000000
100666.000000
42141.000000
171390.000000
178472.000000
179600.000000
135652.000000
58179.000000
171557.000000
109689.000000
34048.000000
40064.000000
21923.000000
6607.000000
5215.000000
5775.000000
7251.000000
8655.000000
128679.000000
200973.000000
48199.000000
227511.000000
19923.000000
104161.000000
38163.000000
160095.000000
139487.000000
205262.000000
158308.000000
169229.000000
40492.000000
102119.000000
185195.000000
190402.000000
211591.000000
123227.000000
150508.000000
214780.000000
216138.000000
162327.000000
206179.000000
23609.000000
163576.000000
198154.000000
137123.000000
161170.000000
114718.000000
33853.000000
134364.000000
168734.000000
14864.000000
179791.000000
173306.000000
160200.000000
19277.000000
170191.000000
176734.000000
158190.000000
180538.000000
193794.000000
68595.000000
50756.000000
93692.000000
202960.000000
75564.000000
6299.000000
214978.000000
138955.000000
50914.000000
39635.000000
8754.000000
5096.000000
5700.000000
214859.000000
133207.000000
93639.000000
84799.000000
72793.000000
211693.000000
172319.000000
72249.000000
198660.000000
228432.000000
124174.000000
159793.000000
181608.000000
52950.000000
23998.000000
11539.000000
85075.000000
86019.000000
14176.000000
73605.000000
172087.000000
101790.000000
108792.000000
26666.000000
37341.000000
100103.000000
35464.000000
13612.000000
21923.000000
235237.000000
82349.000000
119013.000000
23932.000000
6607.000000
5775.000000
7251.000000
8655.000000
16546.000000
21438.000000
221659.000000
208811.000000
37022.000000
255874.000000
116674.000000
22608.000000
147229.000000
22832.000000
80752.000000
38060.000000
38505.000000
218394.000000
232824.000000
14864.000000
153530.000000
256168.000000
230852.000000
71593.000000
168086.000000
190360.000000
24063.000000
15240.000000
139289.000000
6041.000000
37338.000000
81286.000000
156030.000000
214825.000000
25047.000000
34005.000000
10916.000000
25811.000000
45491.000000
231697.000000
17787.000000
12398.000000
151831.000000
101806.000000
61482.000000
5479.000000
39751.000000
226219.000000
48312.000000
214825.000000
23151.000000
36270.000000
33964.000000
129725.000000
172770.000000
103664.000000
76737.000000
96123.000000
156302.000000
152233.000000
124348.000000
8471.000000
131656.000000
38231.000000
194367.000000
75088.000000
181424.000000
13612.000000
96650.000000
29830.000000
142804.000000
101199.000000
63233.000000
29901.000000
30170.000000
1959.000000
132404.000000
170295.000000
106726.000000
224837.000000
