0.000000
0.000000
0.000000
0.000000
0.000000
0.000000
0.000000
0.000000
0.000000
0.000000
0.000000
0.000000
0.000000
0.000000
0.000000
0.000000
2119177.000000
118442.000000
14777.000000
91950.000000
15482.000000
178634.000000
6432.000000
93212.000000
97118.000000
99324.000000
282112.000000
240490.000000
10772.000000
184480.000000
43108.000000
304383.000000
164219.000000
130944.000000
391625.000000
305512.000000
368661.000000
292623.000000
156242.000000
309335.000000
310514.000000
331691.000000
291071.000000
28739.000000
89459.000000
12213.000000
272898.000000
419814.000000
62454.000000
262310.000000
17771.000000
102972.000000
360585.000000
311248.000000
71308.000000
454042.000000
69158.000000
121522.000000
57042.000000
43842.000000
53034.000000
95587.000000
261618.000000
392361.000000
130711.000000
86270.000000
343234.000000
46059.000000
356313.000000
96926.000000
20302.000000
158857.000000
56454.000000
190491.000000
27774.000000
62633.000000
70898.000000
77287.000000
210150.000000
105553.000000
126335.000000
309832.000000
507682.000000
13311.000000
15474.000000
5182.000000
48770.000000
191564.000000
111615.000000
10392.000000
6452.000000
4073.000000
28418.000000
12797.000000
67594.000000
132237.000000
149507.000000
174280.000000
7579.000000
7248.000000
7026.000000
9782.000000
176070.000000
4770.000000
4343.000000
57698.000000
13504.000000
251017.000000
411475.000000
81676.000000
94927.000000
41426.000000
16028.000000
226192.000000
85840.000000
376523.000000
1934.000000
453524.000000
168344.000000
120560.000000
169336.000000
63538.000000
104667.000000
71915.000000
59512.000000
70031.000000
180822.000000
6055.000000
166351.000000
189138.000000
328351.000000
64377.000000
552481.000000
172898.000000
30848.000000
57042.000000
430230.000000
343226.000000
200767.000000
11637.000000
7070.000000
4182.000000
126269.000000
76075.000000
188858.000000
108654.000000
143955.000000
149595.000000
44822.000000
168501.000000
125690.000000
242908.000000
33621.000000
396104.000000
425786.000000
179782.000000
463743.000000
112700.000000
118820.000000
132443.000000
62912.000000
34230.000000
24860.000000
13117.000000
221660.000000
76257.000000
314584.000000
32970.000000
11459.000000
305304.000000
270931.000000
254278.000000
98288.000000
305475.000000
33520.000000
195946.000000
43703.000000
482904.000000
206007.000000
25878.000000
302036.000000
435428.000000
198182.000000
72013.000000
190470.000000
68347.000000
20200.000000
32122.000000
41593.000000
125186.000000
6690.000000
5779.000000
7413.000000
33262.000000
10800.000000
11795.000000
9991.000000
21801.000000
50430.000000
20370.000000
41328.000000
63086.000000
7074.000000
13182.000000
167756.000000
4563.000000
197345.000000
232955.000000
206652.000000
77116.000000
6907.000000
405500.000000
16860.000000
30384.000000
44271.000000
139294.000000
409339.000000
123055.000000
191134.000000
516105.000000
520030.000000
35130.000000
35866.000000
389497.000000
6633.000000
59498.000000
10494.000000
19489.000000
19062.000000
6601.000000
3453.000000
6609.000000
8479.000000
135945.000000
95225.000000
11184.000000
5744.000000
4714.000000
39251.000000
11762.000000
123810.000000
9055.000000
5715.000000
14775.000000
25975.000000
202045.000000
127638.000000
442616.000000
195862.000000
176870.000000
376669.000000
42013.000000
16588.000000
7596.000000
379920.000000
148980.000000
49802.000000
108982.000000
404969.000000
39246.000000
35011.000000
27476.000000
183974.000000
13808.000000
103557.000000
42232.000000
200991.000000
203673.000000
242213.000000
116898.000000
47111.000000
135618.000000
131164.000000
30025.000000
41491.000000
12310.000000
5303.000000
5834.000000
9399.000000
9310.000000
7711.000000
147125.000000
306750.000000
30305.000000
358848.000000
22133.000000
132104.000000
40375.000000
172338.000000
158171.000000
388070.000000
250152.000000
282534.000000
47072.000000
117543.000000
358961.000000
182744.000000
534494.000000
118548.000000
366576.000000
430283.000000
291928.000000
200722.000000
264818.000000
28543.000000
246142.000000
354232.000000
157041.000000
411000.000000
132006.000000
28448.000000
140341.000000
192760.000000
17608.000000
218217.000000
192825.000000
346979.000000
19093.000000
185992.000000
318576.000000
314188.000000
198006.000000
339415.000000
23165.000000
36531.000000
102493.000000
359626.000000
65856.000000
6755.000000
401945.000000
156458.000000
54478.000000
36803.000000
8783.000000
6018.000000
6141.000000
450644.000000
147311.000000
84219.000000
77342.000000
46476.000000
436860.000000
239680.000000
82236.000000
405894.000000
276861.000000
156160.000000
144914.000000
219292.000000
46979.000000
25350.000000
12087.000000
88271.000000
109660.000000
10839.000000
49847.000000
398686.000000
121812.000000
120560.000000
26330.000000
40095.000000
92266.000000
37872.000000
10506.000000
12310.000000
316086.000000
125970.000000
98116.000000
19947.000000
5303.000000
9399.000000
9310.000000
7711.000000
13384.000000
21396.000000
388793.000000
424025.000000
38955.000000
430383.000000
131186.000000
32200.000000
324679.000000
27220.000000
75809.000000
32409.000000
46114.000000
511878.000000
358075.000000
17608.000000
353974.000000
345110.000000
414406.000000
62299.000000
324552.000000
312489.000000
28418.000000
10698.000000
142662.000000
7205.000000
35610.000000
66389.000000
265123.000000
405225.000000
26706.000000
29197.000000
12744.000000
29788.000000
53486.000000
373817.000000
17625.000000
12550.000000
217468.000000
88183.000000
65169.000000
5816.000000
23430.000000
514686.000000
37940.000000
405225.000000
28168.000000
35626.000000
29334.000000
137797.000000
336278.000000
98152.000000
72575.000000
67031.000000
266658.000000
252457.000000
121173.000000
11606.000000
150912.000000
31943.000000
2031678.000000
62991.000000
243218.000000
10623.000000
93155.000000
27774.000000
195385.000000
128853.000000
51471.000000
31935.000000
26353.000000
2244.000000
145380.000000
244952.000000
105944.000000
342458.000000
