0.000000
0.000000
0.000000
0.000000
0.000000
0.000000
0.000000
0.000000
0.000000
0.000000
0.000000
0.000000
0.000000
0.000000
0.000000
0.000000
0.000000
570809.000000
16453.000000
83925.000000
12890.000000
111553.000000
5334.000000
80739.000000
78727.000000
77795.000000
118820.000000
104448.000000
17053.000000
107037.000000
57568.000000
85364.000000
104826.000000
106700.000000
127484.000000
104444.000000
113805.000000
107798.000000
103402.000000
126760.000000
112142.000000
107271.000000
101146.000000
27393.000000
82294.000000
10627.000000
121567.000000
129303.000000
66231.000000
100543.000000
16932.000000
71927.000000
124357.000000
123907.000000
68189.000000
119097.000000
67614.000000
101763.000000
68624.000000
50187.000000
73444.000000
77427.000000
104435.000000
93283.000000
523985.000000
75936.000000
118590.000000
45298.000000
110277.000000
65031.000000
20132.000000
106483.000000
51407.000000
117448.000000
32544.000000
58016.000000
66466.000000
64571.000000
112658.000000
79244.000000
103421.000000
116803.000000
131705.000000
10744.000000
22737.000000
7186.000000
44815.000000
107337.000000
99737.000000
9489.000000
6034.000000
4295.000000
27512.000000
11698.000000
57796.000000
98660.000000
98519.000000
136306.000000
5813.000000
4840.000000
4293.000000
14372.000000
94581.000000
5316.000000
5944.000000
58752.000000
17517.000000
114238.000000
124450.000000
66538.000000
83986.000000
54639.000000
14851.000000
99122.000000
66783.000000
99821.000000
1693.000000
111475.000000
102163.000000
85745.000000
108744.000000
49654.000000
82906.000000
70870.000000
65466.000000
62122.000000
83227.000000
8528.000000
107962.000000
111966.000000
130327.000000
53038.000000
119636.000000
91365.000000
37488.000000
68624.000000
112309.000000
105238.000000
110555.000000
13365.000000
11334.000000
4051.000000
91019.000000
59392.000000
120994.000000
80931.000000
85494.000000
88364.000000
49474.000000
112267.000000
85791.000000
109047.000000
38713.000000
121779.000000
133417.000000
124538.000000
118131.000000
100824.000000
86605.000000
102702.000000
63834.000000
36798.000000
27195.000000
14495.000000
113347.000000
87279.000000
123079.000000
44062.000000
11744.000000
104563.000000
124069.000000
102483.000000
84903.000000
120073.000000
54337.000000
97491.000000
51919.000000
127887.000000
117612.000000
28689.000000
109337.000000
150069.000000
98461.000000
82246.000000
88730.000000
70682.000000
12728.000000
34057.000000
48579.000000
83085.000000
6165.000000
4724.000000
7793.000000
34040.000000
14647.000000
10628.000000
9120.000000
16462.000000
43187.000000
22204.000000
39450.000000
68904.000000
8260.000000
12177.000000
99651.000000
3178.000000
114403.000000
111897.000000
92286.000000
67941.000000
6808.000000
122730.000000
17691.000000
65898.000000
39699.000000
96183.000000
139583.000000
107394.000000
107939.000000
120886.000000
119768.000000
47898.000000
40470.000000
116754.000000
5326.000000
41143.000000
11982.000000
22939.000000
12622.000000
4908.000000
3897.000000
6668.000000
5355.000000
91057.000000
70826.000000
8912.000000
5407.000000
4828.000000
28441.000000
11955.000000
88061.000000
7305.000000
4613.000000
10521.000000
20301.000000
116538.000000
94065.000000
110307.000000
122725.000000
98381.000000
123037.000000
52874.000000
12977.000000
6257.000000
110099.000000
93517.000000
43448.000000
91496.000000
104069.000000
35763.000000
28738.000000
23144.000000
123689.000000
14456.000000
105492.000000
39961.000000
107634.000000
96702.000000
82102.000000
83417.000000
45612.000000
75556.000000
108692.000000
30305.000000
35007.000000
26794.000000
5623.000000
4902.000000
8256.000000
8145.000000
10044.000000
96673.000000
113713.000000
43253.000000
135244.000000
19822.000000
101871.000000
35109.000000
99295.000000
108544.000000
99006.000000
108835.000000
102654.000000
53775.000000
68042.000000
108160.000000
93023.000000
121042.000000
86732.000000
114703.000000
109399.000000
124269.000000
193803.000000
109635.000000
25311.000000
124602.000000
116026.000000
86772.000000
123308.000000
92611.000000
33014.000000
93223.000000
100040.000000
11568.000000
82716.000000
106694.000000
102532.000000
18648.000000
106066.000000
94772.000000
98502.000000
106921.000000
110418.000000
51988.000000
64964.000000
105235.000000
117485.000000
68315.000000
7809.000000
122722.000000
106443.000000
64810.000000
38965.000000
11972.000000
3830.000000
7554.000000
111069.000000
99777.000000
75498.000000
67453.000000
47053.000000
119623.000000
98355.000000
79551.000000
110568.000000
133097.000000
111719.000000
103812.000000
95139.000000
62998.000000
26107.000000
9495.000000
57632.000000
84678.000000
13821.000000
59481.000000
110876.000000
95682.000000
85745.000000
27992.000000
25670.000000
73595.000000
34023.000000
13365.000000
26848.000000
113762.000000
86620.000000
80452.000000
23993.000000
5623.000000
8256.000000
8145.000000
10044.000000
13446.000000
23942.000000
141504.000000
125957.000000
41580.000000
131264.000000
106053.000000
24049.000000
94180.000000
24921.000000
71235.000000
32062.000000
33781.000000
111700.000000
133264.000000
11568.000000
125052.000000
117978.000000
116959.000000
86208.000000
120823.000000
100023.000000
27512.000000
13956.000000
106068.000000
6141.000000
33299.000000
65537.000000
102716.000000
124246.000000
22038.000000
26947.000000
10399.000000
25838.000000
41005.000000
115876.000000
23207.000000
13493.000000
101901.000000
92610.000000
50618.000000
6889.000000
23006.000000
154457.000000
56379.000000
108343.000000
22211.000000
33485.000000
26947.000000
94199.000000
110290.000000
80130.000000
71627.000000
80348.000000
97968.000000
112279.000000
115457.000000
7353.000000
133072.000000
37428.000000
121501.000000
60003.000000
106105.000000
13446.000000
61709.000000
32544.000000
117685.000000
88132.000000
61522.000000
31752.000000
24503.000000
2158.000000
82789.000000
109490.000000
95628.000000
118032.000000
