0.000000
0.000000
0.000000
0.000000
0.000000
0.000000
0.000000
0.000000
0.000000
0.000000
0.000000
0.000000
0.000000
0.000000
0.000000
0.000000
0.000000
0.000000
65640.000000
16198.000000
9958.000000
20114.000000
7481.000000
14039.000000
14278.000000
14278.000000
13245.000000
15454.000000
7140.000000
13248.000000
16251.000000
14670.000000
15631.000000
15166.000000
14207.000000
17005.000000
9600.000000
15457.000000
13350.000000
13905.000000
14236.000000
12291.000000
16193.000000
9073.000000
15182.000000
9641.000000
15039.000000
15237.000000
13739.000000
13058.000000
10006.000000
16970.000000
15517.000000
13905.000000
13320.000000
14190.000000
12728.000000
13595.000000
16310.000000
9733.000000
16779.000000
15926.000000
11211.000000
16744.000000
15811.000000
13253.000000
16099.000000
11795.000000
19840.000000
13521.000000
12320.000000
16002.000000
11792.000000
13700.000000
10364.000000
13259.000000
13316.000000
9741.000000
13322.000000
15575.000000
17858.000000
16068.000000
14796.000000
8682.000000
9050.000000
5938.000000
13343.000000
12787.000000
14520.000000
11261.000000
3907.000000
3091.000000
6374.000000
5562.000000
14807.000000
12654.000000
14568.000000
13037.000000
6273.000000
6087.000000
4318.000000
10444.000000
14718.000000
6062.000000
6376.000000
16341.000000
10956.000000
16719.000000
14642.000000
13306.000000
13470.000000
15234.000000
8100.000000
13327.000000
16394.000000
13890.000000
1934.000000
15881.000000
15138.000000
12071.000000
16014.000000
17078.000000
13843.000000
13888.000000
13053.000000
12946.000000
14349.000000
3221.000000
14105.000000
15848.000000
13032.000000
13467.000000
18233.000000
13485.000000
11253.000000
16310.000000
12966.000000
13784.000000
15677.000000
8141.000000
7015.000000
4410.000000
18085.000000
14347.000000
16849.000000
13226.000000
11879.000000
11870.000000
11203.000000
16014.000000
16153.000000
16451.000000
9163.000000
16464.000000
18970.000000
14942.000000
15365.000000
17478.000000
12955.000000
12899.000000
9801.000000
11069.000000
11467.000000
10482.000000
11422.000000
13652.000000
19820.000000
15689.000000
7376.000000
15713.000000
15039.000000
13058.000000
16772.000000
13221.000000
9620.000000
14083.000000
16836.000000
14675.000000
13436.000000
13934.000000
14493.000000
15427.000000
14230.000000
14012.000000
16893.000000
12723.000000
14019.000000
10907.000000
13061.000000
15133.000000
6572.000000
4372.000000
6072.000000
10774.000000
8256.000000
8104.000000
5924.000000
11057.000000
14959.000000
13017.000000
19257.000000
13463.000000
8031.000000
10056.000000
13238.000000
3148.000000
16925.000000
16340.000000
11579.000000
8612.000000
7342.000000
16580.000000
12024.000000
14563.000000
12985.000000
12024.000000
14829.000000
16656.000000
14898.000000
20082.000000
13998.000000
15348.000000
14657.000000
13450.000000
3667.000000
12321.000000
9444.000000
12042.000000
8755.000000
3177.000000
3238.000000
7337.000000
8972.000000
13870.000000
15816.000000
5404.000000
3545.000000
5566.000000
11161.000000
11830.000000
14501.000000
7668.000000
4437.000000
7598.000000
12016.000000
14415.000000
13280.000000
13871.000000
16637.000000
17400.000000
18802.000000
14556.000000
12028.000000
4589.000000
17020.000000
15816.000000
11427.000000
18258.000000
13990.000000
12902.000000
8813.000000
15071.000000
14517.000000
9655.000000
15744.000000
14731.000000
16512.000000
14941.000000
11317.000000
12083.000000
18950.000000
11118.000000
14419.000000
13008.000000
13979.000000
6374.000000
4050.000000
4348.000000
6639.000000
8198.000000
7353.000000
13535.000000
14996.000000
13687.000000
15911.000000
10699.000000
12009.000000
18297.000000
16574.000000
15007.000000
18873.000000
14793.000000
13765.000000
13323.000000
15497.000000
15212.000000
18407.000000
13989.000000
14226.000000
14162.000000
18454.000000
17390.000000
17986.000000
15475.000000
10262.000000
15132.000000
16132.000000
14400.000000
17495.000000
16003.000000
10247.000000
13631.000000
18403.000000
7433.000000
19596.000000
14923.000000
12726.000000
11744.000000
14860.000000
15862.000000
15620.000000
13702.000000
15332.000000
11925.000000
18488.000000
10913.000000
15727.000000
11317.000000
5773.000000
16691.000000
13147.000000
14697.000000
12667.000000
9281.000000
3665.000000
5561.000000
14263.000000
15853.000000
15526.000000
14550.000000
13412.000000
14858.000000
11854.000000
13936.000000
16323.000000
13747.000000
13620.000000
15431.000000
10305.000000
12264.000000
11343.000000
8878.000000
13064.000000
9882.000000
4471.000000
13076.000000
13281.000000
16035.000000
12071.000000
16350.000000
10833.000000
12169.000000
11101.000000
2757.000000
6374.000000
14505.000000
16365.000000
13821.000000
9928.000000
4050.000000
6639.000000
8198.000000
7353.000000
9266.000000
10755.000000
15917.000000
14519.000000
15835.000000
13481.000000
12419.000000
14953.000000
13909.000000
10814.000000
16769.000000
12923.000000
12661.000000
14943.000000
17574.000000
7433.000000
15885.000000
14060.000000
16315.000000
15168.000000
14341.000000
15371.000000
6374.000000
10226.000000
20860.000000
6435.000000
13426.000000
16365.000000
12344.000000
15404.000000
9619.000000
13930.000000
7018.000000
14682.000000
15655.000000
18127.000000
10272.000000
9955.000000
11592.000000
12386.000000
13894.000000
3438.000000
14246.000000
15407.000000
12303.000000
15404.000000
9700.000000
13426.000000
13930.000000
13998.000000
12985.000000
15927.000000
16424.000000
13408.000000
11906.000000
12312.000000
13087.000000
8620.000000
18778.000000
12285.000000
14299.000000
12601.000000
15689.000000
2757.000000
12169.000000
10364.000000
19163.000000
12129.000000
14204.000000
10991.000000
12046.000000
3638.000000
15729.000000
16451.000000
11576.000000
15523.000000
