0.000000
2623199.000000
62495.000000
194091.000000
40553.000000
11920.000000
90487.000000
26398.000000
7142.000000
64101.000000
17418.000000
105437.000000
465480.000000
127544.000000
105413.000000
217885.000000
404688.000000
135027.000000
14740.000000
105149.000000
19009.000000
200707.000000
8786.000000
108500.000000
95938.000000
95938.000000
354952.000000
269051.000000
17326.000000
260592.000000
45755.000000
393873.000000
201468.000000
170022.000000
445827.000000
416732.000000
471002.000000
481100.000000
199157.000000
480355.000000
446916.000000
423437.000000
308908.000000
42741.000000
103894.000000
12036.000000
272882.000000
573043.000000
61656.000000
299838.000000
18397.000000
138103.000000
572345.000000
478144.000000
74905.000000
565157.000000
64033.000000
157569.000000
55836.000000
49626.000000
75545.000000
101461.000000
248462.000000
467708.000000
123811.000000
88071.000000
198496.000000
52252.000000
288510.000000
80084.000000
20186.000000
152201.000000
51122.000000
226986.000000
32791.000000
66440.000000
99056.000000
146566.000000
293317.000000
127313.000000
138552.000000
466189.000000
541862.000000
12146.000000
19326.000000
6009.000000
52579.000000
265508.000000
124944.000000
10597.000000
6927.000000
4742.000000
32455.000000
9236.000000
85574.000000
140992.000000
136200.000000
147469.000000
9158.000000
5165.000000
5199.000000
14871.000000
228231.000000
4928.000000
4852.000000
58764.000000
19564.000000
190530.000000
563541.000000
85946.000000
119429.000000
50833.000000
13034.000000
291955.000000
86455.000000
466013.000000
1926.000000
538588.000000
202205.000000
131074.000000
220161.000000
65050.000000
135872.000000
85761.000000
69360.000000
66166.000000
211706.000000
5279.000000
219102.000000
243144.000000
328981.000000
55091.000000
582456.000000
199496.000000
44829.000000
55836.000000
475826.000000
447346.000000
228553.000000
12235.000000
7101.000000
5599.000000
130198.000000
86882.000000
194318.000000
136162.000000
156171.000000
186540.000000
63207.000000
222056.000000
154413.000000
301383.000000
42956.000000
533230.000000
501050.000000
275492.000000
499121.000000
200281.000000
116658.000000
135803.000000
79902.000000
46194.000000
30800.000000
23782.000000
284782.000000
112487.000000
339212.000000
47706.000000
13054.000000
435214.000000
263845.000000
301925.000000
102408.000000
295346.000000
57944.000000
220137.000000
45138.000000
554373.000000
218865.000000
28394.000000
275493.000000
454435.000000
221513.000000
88591.000000
240716.000000
90717.000000
25387.000000
32633.000000
47297.000000
112724.000000
5830.000000
6316.000000
8244.000000
41207.000000
10919.000000
11035.000000
10492.000000
17443.000000
48420.000000
19167.000000
54638.000000
74215.000000
12443.000000
15030.000000
171079.000000
4436.000000
211840.000000
223188.000000
248481.000000
72905.000000
8813.000000
585263.000000
23231.000000
61101.000000
50850.000000
163432.000000
391292.000000
119398.000000
239059.000000
606854.000000
582954.000000
48513.000000
36165.000000
515885.000000
5012.000000
46327.000000
10725.000000
24218.000000
19859.000000
6716.000000
4535.000000
7026.000000
7731.000000
128778.000000
103413.000000
8064.000000
6692.000000
6262.000000
31319.000000
16785.000000
139192.000000
8787.000000
4320.000000
11848.000000
26161.000000
185085.000000
128618.000000
583897.000000
239431.000000
158551.000000
358914.000000
51901.000000
13067.000000
7366.000000
507315.000000
171415.000000
44519.000000
98796.000000
540563.000000
42534.000000
34037.000000
27442.000000
196056.000000
14262.000000
104984.000000
47883.000000
205041.000000
210000.000000
197190.000000
133328.000000
55370.000000
171192.000000
130538.000000
31513.000000
45273.000000
31943.000000
5479.000000
7328.000000
10935.000000
7919.000000
11967.000000
135919.000000
442781.000000
45988.000000
416947.000000
23130.000000
121262.000000
34551.000000
162901.000000
189557.000000
530865.000000
171781.000000
249774.000000
54899.000000
123354.000000
371610.000000
213741.000000
494800.000000
159805.000000
349239.000000
556656.000000
348723.000000
197661.000000
313725.000000
21096.000000
176252.000000
419472.000000
125281.000000
329709.000000
117663.000000
38322.000000
164418.000000
187382.000000
12533.000000
266174.000000
214918.000000
246724.000000
19982.000000
205919.000000
406921.000000
294769.000000
263856.000000
263718.000000
49464.000000
56341.000000
109342.000000
489485.000000
87538.000000
6745.000000
587156.000000
169855.000000
79062.000000
33022.000000
8993.000000
5387.000000
5001.000000
438986.000000
154106.000000
122050.000000
101579.000000
62655.000000
534327.000000
311453.000000
90864.000000
522818.000000
543087.000000
162226.000000
175817.000000
285278.000000
65831.000000
27640.000000
10475.000000
121946.000000
119358.000000
9074.000000
54499.000000
428820.000000
128764.000000
131074.000000
29920.000000
39132.000000
99600.000000
55300.000000
14320.000000
31917.000000
299268.000000
140998.000000
134412.000000
33216.000000
5479.000000
10935.000000
7919.000000
11967.000000
17418.000000
32966.000000
520922.000000
413931.000000
47807.000000
537986.000000
158498.000000
24705.000000
270088.000000
23919.000000
109459.000000
32545.000000
47944.000000
579854.000000
409458.000000
12533.000000
312125.000000
419694.000000
658494.000000
74629.000000
337868.000000
344575.000000
32455.000000
14292.000000
163110.000000
8467.000000
48249.000000
106888.000000
316297.000000
527378.000000
28201.000000
32150.000000
14426.000000
28477.000000
54018.000000
423677.000000
19520.000000
15554.000000
252514.000000
103862.000000
69146.000000
8028.000000
35767.000000
563570.000000
37899.000000
527378.000000
29404.000000
47749.000000
32120.000000
145234.000000
344801.000000
106820.000000
102822.000000
125422.000000
308787.000000
418109.000000
152082.000000
12002.000000
160440.000000
36748.000000
402157.000000
75429.000000
326820.000000
13919.000000
99871.000000
32791.000000
211053.000000
105290.000000
66292.000000
27349.000000
22990.000000
2860.000000
174362.000000
300126.000000
127331.000000
447782.000000
