0.000000
0.000000
0.000000
0.000000
0.000000
0.000000
0.000000
0.000000
0.000000
0.000000
0.000000
0.000000
0.000000
0.000000
0.000000
0.000000
0.000000
0.000000
0.000000
459489.000000
13870.000000
99293.000000
5351.000000
80314.000000
82385.000000
82306.000000
107786.000000
107404.000000
17776.000000
101800.000000
44241.000000
72733.000000
107823.000000
90088.000000
83995.000000
98131.000000
95650.000000
102260.000000
105842.000000
100193.000000
101384.000000
73659.000000
81240.000000
27372.000000
82399.000000
11163.000000
82771.000000
101922.000000
54804.000000
87605.000000
18539.000000
114270.000000
106461.000000
100193.000000
61679.000000
110102.000000
54391.000000
81626.000000
60486.000000
39243.000000
51339.000000
91833.000000
91495.000000
107539.000000
64092.000000
83674.000000
80524.000000
53151.000000
90639.000000
70017.000000
20361.000000
99009.000000
63995.000000
90748.000000
32028.000000
59806.000000
69166.000000
63115.000000
112440.000000
101082.000000
83288.000000
117349.000000
119140.000000
12152.000000
22386.000000
4869.000000
47974.000000
71928.000000
92050.000000
11767.000000
6043.000000
5219.000000
30149.000000
7817.000000
55778.000000
86146.000000
94848.000000
99202.000000
8025.000000
6544.000000
5404.000000
11298.000000
88278.000000
5727.000000
5566.000000
53698.000000
18674.000000
103498.000000
111437.000000
56475.000000
86409.000000
40972.000000
15853.000000
86591.000000
63041.000000
112638.000000
1748.000000
117170.000000
104443.000000
72508.000000
95605.000000
63149.000000
89478.000000
68426.000000
67183.000000
63173.000000
93571.000000
4604.000000
71428.000000
108860.000000
78445.000000
51372.000000
104074.000000
86100.000000
36926.000000
60486.000000
95142.000000
78334.000000
112244.000000
12355.000000
8589.000000
4447.000000
91338.000000
50243.000000
97940.000000
87771.000000
83680.000000
75047.000000
50696.000000
94391.000000
97580.000000
97443.000000
28730.000000
99576.000000
101185.000000
95635.000000
115784.000000
65001.000000
67905.000000
83472.000000
64574.000000
44099.000000
25799.000000
18003.000000
83482.000000
63342.000000
95502.000000
33961.000000
12152.000000
103777.000000
92156.000000
87891.000000
69111.000000
109628.000000
49607.000000
79997.000000
52894.000000
108004.000000
94747.000000
33469.000000
115920.000000
103068.000000
79997.000000
74118.000000
93350.000000
75914.000000
17921.000000
35807.000000
42661.000000
99196.000000
6668.000000
6195.000000
9218.000000
32076.000000
11384.000000
8885.000000
6941.000000
21233.000000
55382.000000
20253.000000
47026.000000
77631.000000
8609.000000
10249.000000
95652.000000
3414.000000
98593.000000
106831.000000
78292.000000
52991.000000
6375.000000
108996.000000
17996.000000
27555.000000
38746.000000
109502.000000
108016.000000
91255.000000
97352.000000
116450.000000
112157.000000
39038.000000
30400.000000
112109.000000
5150.000000
39072.000000
10570.000000
19314.000000
15843.000000
5865.000000
4308.000000
6723.000000
8736.000000
91888.000000
84492.000000
9194.000000
5803.000000
5235.000000
37090.000000
13648.000000
75937.000000
8082.000000
5841.000000
9972.000000
16237.000000
89071.000000
88796.000000
107941.000000
84071.000000
71542.000000
114209.000000
40217.000000
14638.000000
8141.000000
118153.000000
88938.000000
44108.000000
85865.000000
89586.000000
30837.000000
32608.000000
26287.000000
105149.000000
10429.000000
83655.000000
39699.000000
92687.000000
90411.000000
68130.000000
74414.000000
49002.000000
84115.000000
80991.000000
24828.000000
40583.000000
22516.000000
4447.000000
4089.000000
8669.000000
8972.000000
9299.000000
94252.000000
90556.000000
45620.000000
101919.000000
22714.000000
77410.000000
32614.000000
96369.000000
88150.000000
112003.000000
100664.000000
94296.000000
49406.000000
83742.000000
100051.000000
96153.000000
105275.000000
91468.000000
83314.000000
99479.000000
97260.000000
102563.000000
88169.000000
20628.000000
96063.000000
103277.000000
97626.000000
89475.000000
93380.000000
31230.000000
93204.000000
92265.000000
10257.000000
101354.000000
107559.000000
89542.000000
15859.000000
103432.000000
97576.000000
90241.000000
110293.000000
97225.000000
31829.000000
35257.000000
79871.000000
97755.000000
69760.000000
7706.000000
106086.000000
74430.000000
43942.000000
38565.000000
11343.000000
3757.000000
5020.000000
104081.000000
98335.000000
76660.000000
68556.000000
48347.000000
96291.000000
102402.000000
70005.000000
96688.000000
103092.000000
80976.000000
78960.000000
73901.000000
52141.000000
27791.000000
10791.000000
68857.000000
81906.000000
13926.000000
55145.000000
83492.000000
84729.000000
72508.000000
29117.000000
30989.000000
56546.000000
51127.000000
10653.000000
22536.000000
100538.000000
81583.000000
91834.000000
26652.000000
4447.000000
8669.000000
8972.000000
9299.000000
14422.000000
21153.000000
97999.000000
97460.000000
36059.000000
103814.000000
71113.000000
22442.000000
85334.000000
23828.000000
74326.000000
22734.000000
36527.000000
111479.000000
98257.000000
10257.000000
98149.000000
122866.000000
117996.000000
59935.000000
103513.000000
98784.000000
30149.000000
11260.000000
100968.000000
7686.000000
35717.000000
73003.000000
93164.000000
104744.000000
28443.000000
29081.000000
12604.000000
26542.000000
44245.000000
98567.000000
26145.000000
16919.000000
89446.000000
70429.000000
56601.000000
4420.000000
24905.000000
109746.000000
46468.000000
104744.000000
27895.000000
34684.000000
29081.000000
79123.000000
106254.000000
78217.000000
69852.000000
74759.000000
84672.000000
98195.000000
85728.000000
11529.000000
89835.000000
36909.000000
92555.000000
63627.000000
104607.000000
10544.000000
55030.000000
32028.000000
111005.000000
79480.000000
53001.000000
22831.000000
30867.000000
2276.000000
79054.000000
96626.000000
72009.000000
126862.000000
