0.000000
0.000000
0.000000
0.000000
0.000000
0.000000
0.000000
0.000000
0.000000
0.000000
0.000000
0.000000
0.000000
0.000000
0.000000
0.000000
0.000000
0.000000
0.000000
0.000000
70382.000000
14786.000000
4606.000000
13403.000000
16230.000000
16230.000000
17859.000000
14687.000000
10301.000000
16736.000000
12796.000000
17910.000000
14945.000000
15864.000000
16356.000000
18373.000000
16237.000000
18545.000000
19805.000000
18487.000000
17788.000000
15806.000000
11667.000000
13103.000000
17479.000000
5341.000000
14561.000000
14467.000000
14842.000000
16459.000000
10144.000000
13033.000000
14548.000000
18487.000000
12371.000000
22134.000000
10122.000000
17495.000000
7993.000000
11696.000000
20178.000000
13971.000000
15978.000000
13575.000000
12700.000000
16941.000000
13729.000000
14542.000000
11680.000000
14798.000000
11275.000000
21391.000000
13873.000000
18998.000000
13524.000000
15107.000000
12780.000000
8508.000000
21764.000000
18725.000000
14158.000000
15440.000000
15497.000000
9486.000000
12572.000000
6266.000000
14423.000000
13994.000000
22169.000000
6923.000000
4934.000000
4112.000000
13644.000000
3607.000000
16524.000000
13473.000000
15687.000000
16662.000000
5026.000000
5974.000000
5103.000000
7929.000000
13555.000000
4456.000000
3880.000000
20966.000000
14527.000000
20674.000000
17873.000000
15233.000000
13410.000000
12863.000000
6672.000000
15294.000000
14977.000000
14768.000000
917.000000
16884.000000
16331.000000
16542.000000
18750.000000
8134.000000
17020.000000
12150.000000
16149.000000
13700.000000
18013.000000
4058.000000
9276.000000
18877.000000
15284.000000
13075.000000
16933.000000
18452.000000
12031.000000
7993.000000
16641.000000
14436.000000
13154.000000
8272.000000
7039.000000
4248.000000
14160.000000
12086.000000
19364.000000
17057.000000
13242.000000
11491.000000
14947.000000
18750.000000
14317.000000
16187.000000
8855.000000
20538.000000
14023.000000
18664.000000
16484.000000
17868.000000
13825.000000
14547.000000
15070.000000
14583.000000
13468.000000
7060.000000
17235.000000
14635.000000
19042.000000
13840.000000
6782.000000
17364.000000
13681.000000
16823.000000
14488.000000
15650.000000
13492.000000
17462.000000
17424.000000
17212.000000
13019.000000
12062.000000
18882.000000
15048.000000
17462.000000
15126.000000
17040.000000
17396.000000
14808.000000
8778.000000
16417.000000
13646.000000
5563.000000
4040.000000
6693.000000
18092.000000
7510.000000
8085.000000
7425.000000
14343.000000
11584.000000
11380.000000
14076.000000
16360.000000
7278.000000
7063.000000
15929.000000
3964.000000
17328.000000
16089.000000
13363.000000
11359.000000
7744.000000
16567.000000
14500.000000
14775.000000
12920.000000
16932.000000
12881.000000
10391.000000
13553.000000
17698.000000
12444.000000
17182.000000
10712.000000
18862.000000
6915.000000
12568.000000
8153.000000
12030.000000
9428.000000
5475.000000
3697.000000
5535.000000
6225.000000
15690.000000
12840.000000
5574.000000
5814.000000
4600.000000
10756.000000
12146.000000
12034.000000
6306.000000
2774.000000
10814.000000
11796.000000
14604.000000
11711.000000
17815.000000
16889.000000
13011.000000
17116.000000
12169.000000
11951.000000
3996.000000
17836.000000
22174.000000
13413.000000
14321.000000
16909.000000
12690.000000
13896.000000
14297.000000
13191.000000
5199.000000
13827.000000
11324.000000
12813.000000
15765.000000
14758.000000
14240.000000
13631.000000
13921.000000
13196.000000
9629.000000
20816.000000
13015.000000
4671.000000
7615.000000
6017.000000
6353.000000
5814.000000
15687.000000
15607.000000
15192.000000
19845.000000
10736.000000
15919.000000
16975.000000
14725.000000
14672.000000
18828.000000
11318.000000
14908.000000
15526.000000
13859.000000
14940.000000
13580.000000
18265.000000
15753.000000
12047.000000
19662.000000
17287.000000
16204.000000
12714.000000
10301.000000
12882.000000
12666.000000
13171.000000
14760.000000
18305.000000
13614.000000
13336.000000
19549.000000
10571.000000
18978.000000
19136.000000
15109.000000
15378.000000
16781.000000
19947.000000
12135.000000
17006.000000
14569.000000
16472.000000
13011.000000
14099.000000
15920.000000
16256.000000
3942.000000
17804.000000
16684.000000
13318.000000
10538.000000
6061.000000
4451.000000
4064.000000
13762.000000
18289.000000
15472.000000
14354.000000
15941.000000
17199.000000
14395.000000
15150.000000
15299.000000
19408.000000
18362.000000
16224.000000
17448.000000
14392.000000
11444.000000
7409.000000
18215.000000
13356.000000
8107.000000
13655.000000
15952.000000
14917.000000
16542.000000
16413.000000
12464.000000
13926.000000
12755.000000
9302.000000
13015.000000
20728.000000
18336.000000
14281.000000
14810.000000
4671.000000
6017.000000
6353.000000
5814.000000
10237.000000
7995.000000
18599.000000
18192.000000
13026.000000
17564.000000
14655.000000
14375.000000
12097.000000
9480.000000
17002.000000
13389.000000
15763.000000
13929.000000
15275.000000
10571.000000
11551.000000
18509.000000
18954.000000
15698.000000
19726.000000
12550.000000
13644.000000
8047.000000
17394.000000
4927.000000
12452.000000
18336.000000
16562.000000
24199.000000
12349.000000
9525.000000
10676.000000
9344.000000
16368.000000
17869.000000
10084.000000
9689.000000
13499.000000
17365.000000
12219.000000
3798.000000
13797.000000
18564.000000
9837.000000
24199.000000
12385.000000
12744.000000
9525.000000
16790.000000
16365.000000
12355.000000
18182.000000
15875.000000
16562.000000
13863.000000
17777.000000
8369.000000
13458.000000
11979.000000
16211.000000
12316.000000
16796.000000
9302.000000
13926.000000
13524.000000
20017.000000
18888.000000
12121.000000
13731.000000
12001.000000
2947.000000
16303.000000
16237.000000
11716.000000
27163.000000
