0.000000
0.000000
0.000000
0.000000
0.000000
0.000000
0.000000
0.000000
0.000000
0.000000
0.000000
0.000000
0.000000
0.000000
0.000000
0.000000
0.000000
0.000000
0.000000
0.000000
0.000000
775011.000000
6275.000000
103967.000000
106117.000000
105347.000000
174847.000000
177712.000000
18493.000000
150787.000000
46949.000000
127755.000000
147947.000000
135745.000000
146460.000000
173756.000000
139571.000000
170491.000000
145847.000000
187249.000000
185752.000000
133675.000000
105728.000000
22555.000000
85634.000000
10727.000000
161843.000000
179831.000000
57684.000000
118913.000000
19077.000000
105843.000000
147648.000000
184899.000000
94059.000000
188850.000000
68221.000000
123429.000000
57516.000000
48111.000000
59365.000000
119026.000000
173413.000000
162533.000000
101937.000000
107714.000000
128701.000000
58242.000000
151236.000000
75840.000000
20926.000000
146475.000000
74099.000000
158088.000000
33574.000000
66106.000000
72249.000000
105419.000000
179832.000000
128068.000000
134056.000000
158493.000000
209434.000000
13811.000000
18499.000000
5865.000000
51976.000000
122623.000000
118412.000000
8644.000000
6756.000000
5173.000000
29978.000000
8031.000000
81276.000000
126134.000000
135040.000000
133640.000000
10184.000000
7791.000000
5241.000000
13892.000000
179028.000000
5083.000000
6203.000000
53904.000000
19080.000000
164385.000000
210465.000000
75236.000000
92718.000000
47570.000000
18555.000000
132868.000000
73276.000000
169343.000000
2504.000000
186097.000000
136797.000000
111528.000000
139808.000000
63015.000000
105556.000000
78723.000000
64370.000000
70792.000000
154881.000000
3858.000000
125444.000000
135733.000000
142485.000000
53798.000000
190146.000000
137138.000000
33839.000000
57516.000000
150931.000000
135979.000000
145274.000000
12355.000000
10378.000000
5100.000000
137292.000000
56473.000000
141180.000000
93218.000000
111340.000000
121867.000000
45362.000000
139028.000000
107907.000000
155884.000000
31707.000000
137753.000000
176380.000000
151231.000000
203976.000000
108962.000000
104286.000000
113089.000000
62650.000000
38919.000000
26458.000000
16958.000000
146027.000000
94615.000000
171125.000000
27488.000000
11105.000000
150908.000000
141841.000000
118943.000000
98368.000000
156131.000000
48239.000000
153829.000000
43624.000000
171069.000000
160920.000000
31265.000000
135338.000000
175370.000000
154434.000000
95933.000000
158628.000000
76341.000000
18865.000000
30315.000000
45498.000000
135197.000000
6530.000000
6274.000000
8451.000000
34136.000000
14293.000000
10394.000000
9539.000000
23317.000000
51633.000000
15711.000000
51360.000000
82820.000000
8714.000000
18954.000000
147803.000000
4635.000000
142831.000000
152112.000000
125308.000000
61482.000000
7185.000000
156140.000000
22807.000000
63224.000000
46686.000000
145768.000000
203500.000000
116746.000000
144580.000000
201059.000000
207259.000000
44770.000000
33756.000000
180566.000000
7708.000000
43052.000000
7463.000000
24316.000000
19978.000000
7666.000000
4377.000000
6976.000000
8134.000000
118714.000000
103741.000000
10274.000000
4490.000000
5510.000000
34679.000000
14370.000000
88535.000000
8956.000000
6703.000000
12642.000000
21416.000000
162931.000000
146729.000000
192134.000000
169312.000000
131790.000000
161088.000000
50353.000000
16277.000000
8440.000000
177551.000000
133441.000000
51341.000000
103668.000000
167618.000000
42258.000000
41413.000000
25065.000000
155393.000000
14729.000000
95251.000000
45192.000000
145303.000000
171436.000000
165291.000000
127251.000000
56573.000000
117807.000000
115473.000000
28776.000000
40880.000000
16829.000000
6092.000000
5367.000000
8652.000000
8300.000000
10638.000000
137016.000000
143900.000000
47772.000000
187645.000000
21372.000000
149371.000000
37731.000000
154667.000000
140862.000000
170454.000000
156396.000000
167840.000000
50357.000000
100250.000000
170785.000000
161814.000000
191387.000000
116477.000000
165388.000000
220204.000000
201328.000000
169457.000000
178569.000000
32644.000000
145163.000000
169344.000000
142216.000000
180899.000000
122357.000000
35229.000000
142723.000000
160694.000000
13596.000000
136752.000000
149729.000000
116844.000000
20735.000000
154003.000000
170042.000000
123600.000000
179439.000000
179766.000000
78848.000000
67595.000000
108822.000000
156921.000000
70581.000000
8585.000000
182404.000000
124424.000000
58403.000000
33937.000000
10251.000000
6642.000000
4987.000000
180198.000000
144696.000000
80484.000000
82874.000000
56580.000000
178513.000000
169928.000000
94880.000000
157871.000000
168325.000000
143653.000000
143884.000000
129853.000000
64627.000000
27813.000000
14197.000000
86110.000000
102482.000000
14418.000000
61273.000000
137684.000000
114127.000000
111528.000000
27656.000000
37402.000000
89739.000000
43655.000000
9540.000000
16829.000000
146426.000000
102627.000000
100613.000000
22616.000000
6092.000000
8652.000000
8300.000000
10638.000000
12296.000000
24869.000000
170430.000000
179741.000000
41161.000000
173791.000000
94039.000000
21665.000000
129432.000000
26578.000000
85160.000000
37665.000000
44311.000000
200444.000000
161136.000000
13596.000000
132091.000000
152787.000000
189763.000000
73834.000000
165042.000000
159071.000000
29978.000000
11637.000000
146700.000000
7183.000000
38690.000000
91872.000000
139482.000000
188012.000000
28570.000000
36039.000000
12175.000000
30663.000000
44009.000000
169444.000000
17556.000000
13378.000000
132129.000000
95068.000000
61276.000000
5870.000000
42113.000000
202674.000000
35275.000000
188012.000000
28052.000000
41618.000000
35972.000000
137491.000000
160636.000000
112189.000000
71327.000000
77705.000000
133753.000000
126300.000000
129076.000000
7854.000000
130684.000000
32590.000000
176400.000000
89224.000000
191363.000000
9633.000000
89118.000000
33574.000000
145428.000000
108237.000000
70142.000000
38897.000000
27341.000000
3179.000000
139631.000000
150158.000000
104560.000000
201408.000000
