0.000000
0.000000
0.000000
0.000000
0.000000
0.000000
0.000000
0.000000
0.000000
0.000000
0.000000
0.000000
0.000000
0.000000
0.000000
0.000000
0.000000
0.000000
0.000000
0.000000
0.000000
0.000000
23117.000000
5261.000000
6801.000000
6801.000000
6670.000000
6178.000000
3290.000000
6892.000000
5149.000000
5791.000000
7980.000000
5416.000000
4500.000000
5030.000000
4701.000000
5021.000000
7821.000000
4884.000000
6876.000000
5627.000000
5782.000000
3329.000000
3016.000000
3345.000000
6911.000000
5925.000000
5672.000000
5317.000000
6365.000000
5216.000000
7649.000000
4884.000000
5784.000000
5128.000000
4750.000000
6362.000000
5616.000000
3016.000000
3793.000000
5831.000000
6310.000000
6728.000000
5890.000000
6502.000000
7555.000000
4939.000000
4874.000000
6594.000000
6302.000000
7737.000000
6726.000000
7468.000000
4559.000000
6677.000000
6566.000000
3899.000000
6677.000000
5420.000000
6276.000000
7621.000000
6539.000000
6402.000000
4677.000000
4096.000000
4621.000000
5503.000000
5875.000000
5180.000000
5081.000000
3469.000000
5402.000000
4169.000000
7675.000000
6699.000000
6557.000000
7473.000000
4162.000000
4060.000000
2574.000000
5116.000000
6312.000000
4042.000000
2629.000000
4832.000000
5365.000000
5759.000000
7851.000000
7286.000000
5707.000000
6072.000000
4883.000000
4920.000000
5814.000000
5923.000000
1969.000000
7452.000000
6657.000000
4427.000000
5290.000000
5897.000000
6875.000000
6483.000000
7134.000000
7162.000000
6204.000000
1352.000000
5497.000000
8406.000000
7013.000000
3910.000000
6262.000000
6743.000000
4644.000000
5616.000000
5529.000000
4837.000000
6718.000000
4939.000000
5069.000000
4256.000000
5831.000000
6260.000000
7001.000000
5653.000000
6473.000000
5806.000000
4773.000000
5290.000000
4948.000000
4694.000000
3227.000000
6686.000000
7273.000000
6129.000000
6427.000000
6675.000000
6546.000000
5054.000000
3686.000000
5149.000000
5617.000000
3044.000000
6715.000000
4873.000000
6726.000000
4966.000000
5583.000000
7006.000000
6911.000000
5317.000000
5802.000000
7057.000000
3230.000000
8115.000000
5027.000000
5243.000000
4187.000000
5520.000000
5201.000000
6605.000000
8115.000000
6730.000000
6078.000000
5786.000000
6228.000000
3248.000000
5672.000000
6431.000000
6051.000000
4102.000000
3859.000000
6471.000000
4673.000000
6437.000000
5128.000000
6948.000000
6333.000000
2741.000000
6120.000000
5324.000000
4888.000000
4645.000000
5617.000000
2915.000000
6204.000000
5257.000000
4599.000000
3455.000000
5620.000000
4614.000000
5073.000000
5945.000000
6936.000000
5491.000000
6468.000000
6298.000000
6270.000000
7162.000000
6778.000000
7635.000000
6155.000000
7311.000000
4851.000000
5253.000000
5236.000000
5400.000000
4173.000000
3747.000000
3342.000000
3500.000000
3115.000000
6309.000000
8468.000000
4640.000000
3431.000000
3225.000000
5549.000000
5922.000000
6198.000000
5217.000000
3739.000000
4987.000000
6107.000000
6764.000000
7567.000000
9187.000000
6283.000000
5484.000000
5033.000000
6495.000000
5580.000000
4418.000000
6967.000000
4798.000000
8182.000000
7247.000000
6333.000000
6109.000000
4564.000000
7166.000000
5298.000000
4800.000000
6676.000000
8396.000000
7737.000000
6282.000000
5764.000000
5575.000000
6592.000000
7133.000000
7443.000000
5023.000000
5711.000000
3118.000000
3281.000000
3033.000000
4311.000000
4017.000000
4429.000000
6557.000000
7017.000000
5859.000000
6281.000000
5977.000000
7913.000000
7795.000000
4796.000000
5817.000000
6499.000000
6260.000000
7304.000000
6104.000000
7249.000000
7397.000000
7835.000000
6599.000000
6515.000000
5465.000000
7747.000000
4770.000000
6751.000000
5641.000000
5284.000000
6526.000000
6001.000000
7594.000000
6953.000000
9320.000000
6133.000000
5290.000000
7504.000000
5859.000000
5577.000000
7649.000000
5605.000000
4381.000000
8094.000000
5737.000000
4913.000000
6077.000000
6499.000000
6885.000000
5212.000000
5708.000000
7044.000000
5187.000000
3915.000000
7556.000000
4372.000000
6165.000000
6562.000000
4846.000000
3090.000000
4072.000000
6185.000000
6275.000000
4305.000000
5784.000000
7986.000000
8139.000000
6974.000000
6190.000000
6488.000000
7108.000000
5438.000000
5979.000000
4257.000000
4329.000000
4443.000000
4300.000000
3223.000000
5528.000000
1208.000000
5662.000000
6546.000000
6020.000000
4427.000000
7109.000000
5013.000000
5510.000000
6060.000000
2433.000000
3118.000000
5156.000000
6091.000000
8407.000000
5248.000000
3281.000000
4311.000000
4017.000000
4429.000000
3048.000000
3646.000000
6130.000000
8392.000000
6658.000000
6078.000000
5572.000000
6553.000000
7690.000000
4578.000000
5698.000000
5413.000000
7777.000000
6120.000000
6187.000000
5859.000000
7663.000000
5155.000000
6818.000000
5561.000000
5546.000000
5290.000000
5402.000000
4978.000000
6127.000000
4073.000000
7453.000000
6091.000000
7159.000000
7063.000000
3882.000000
5489.000000
4812.000000
7393.000000
6814.000000
6327.000000
5055.000000
5004.000000
6139.000000
5780.000000
4535.000000
1228.000000
5182.000000
8567.000000
4849.000000
7063.000000
3985.000000
7453.000000
5489.000000
5990.000000
7116.000000
7505.000000
7500.000000
5183.000000
7159.000000
5181.000000
6333.000000
4660.000000
5591.000000
6217.000000
7299.000000
4378.000000
5961.000000
2433.000000
5510.000000
4559.000000
6404.000000
5789.000000
5634.000000
7038.000000
6589.000000
2220.000000
5614.000000
4832.000000
6325.000000
8070.000000
