0.000000
0.000000
0.000000
0.000000
0.000000
0.000000
0.000000
0.000000
0.000000
0.000000
0.000000
0.000000
0.000000
0.000000
0.000000
0.000000
0.000000
0.000000
0.000000
0.000000
0.000000
0.000000
0.000000
556104.000000
79983.000000
78994.000000
117268.000000
114269.000000
21208.000000
125307.000000
40954.000000
127915.000000
116877.000000
109976.000000
130904.000000
110193.000000
128811.000000
113761.000000
107358.000000
108686.000000
120168.000000
134575.000000
97557.000000
39684.000000
57084.000000
10139.000000
100886.000000
109641.000000
50177.000000
100333.000000
17519.000000
98163.000000
101707.000000
108686.000000
86538.000000
100167.000000
52169.000000
87697.000000
57159.000000
46201.000000
78209.000000
87997.000000
86012.000000
98960.000000
71338.000000
62418.000000
83009.000000
37485.000000
107157.000000
60013.000000
16604.000000
97625.000000
61797.000000
113959.000000
29036.000000
65537.000000
75104.000000
78432.000000
129404.000000
108263.000000
92380.000000
111887.000000
135895.000000
11622.000000
23712.000000
7333.000000
53091.000000
108748.000000
88272.000000
11667.000000
6444.000000
5206.000000
31502.000000
5456.000000
54945.000000
92301.000000
100209.000000
102515.000000
6658.000000
5221.000000
6248.000000
12617.000000
98406.000000
5613.000000
5485.000000
46687.000000
19594.000000
89827.000000
126062.000000
74700.000000
88590.000000
44000.000000
23622.000000
120277.000000
79712.000000
118906.000000
1713.000000
105653.000000
99655.000000
74093.000000
104301.000000
55861.000000
74414.000000
71217.000000
49485.000000
50867.000000
93494.000000
4645.000000
124841.000000
96845.000000
93221.000000
49645.000000
121465.000000
108021.000000
36238.000000
57159.000000
111001.000000
109307.000000
113026.000000
11450.000000
11232.000000
4022.000000
101615.000000
49810.000000
99449.000000
100386.000000
106921.000000
115435.000000
44616.000000
101419.000000
98148.000000
86609.000000
14352.000000
110132.000000
101847.000000
122112.000000
128055.000000
92488.000000
76138.000000
88149.000000
56140.000000
38513.000000
26332.000000
15983.000000
93512.000000
91547.000000
105152.000000
48778.000000
9752.000000
90541.000000
102434.000000
101016.000000
92290.000000
115642.000000
68171.000000
87409.000000
54744.000000
122333.000000
112796.000000
26750.000000
107344.000000
129230.000000
109160.000000
81450.000000
93071.000000
74217.000000
22020.000000
30314.000000
35661.000000
115331.000000
7476.000000
5383.000000
5656.000000
32138.000000
9188.000000
9327.000000
7959.000000
18471.000000
52671.000000
17054.000000
37748.000000
75252.000000
7644.000000
12616.000000
120615.000000
4232.000000
92605.000000
98199.000000
90553.000000
47064.000000
6329.000000
105092.000000
15910.000000
61778.000000
45525.000000
104483.000000
104769.000000
104503.000000
97079.000000
122357.000000
115997.000000
34308.000000
28198.000000
118369.000000
5491.000000
43925.000000
9466.000000
19018.000000
21908.000000
5457.000000
4425.000000
9328.000000
7809.000000
91512.000000
88631.000000
7750.000000
5899.000000
5774.000000
29514.000000
13262.000000
78970.000000
8126.000000
5911.000000
12015.000000
19509.000000
109690.000000
83882.000000
133209.000000
103555.000000
86070.000000
121726.000000
43062.000000
13638.000000
5538.000000
117252.000000
98188.000000
43053.000000
78389.000000
131232.000000
35036.000000
43908.000000
34108.000000
109401.000000
11232.000000
75815.000000
41634.000000
98839.000000
98309.000000
85675.000000
107735.000000
49678.000000
89781.000000
92794.000000
24810.000000
33024.000000
29837.000000
4849.000000
5528.000000
8477.000000
9186.000000
8521.000000
98979.000000
97747.000000
52585.000000
109564.000000
16065.000000
97204.000000
28393.000000
120392.000000
98895.000000
119576.000000
91808.000000
114548.000000
40071.000000
74682.000000
127932.000000
104691.000000
108008.000000
96513.000000
98567.000000
136942.000000
112795.000000
96179.000000
126557.000000
30249.000000
74243.000000
126336.000000
103807.000000
102316.000000
88268.000000
26348.000000
109359.000000
121971.000000
9758.000000
89711.000000
104652.000000
106686.000000
17478.000000
111945.000000
98405.000000
105186.000000
129678.000000
106994.000000
67703.000000
47408.000000
104561.000000
111651.000000
71353.000000
6460.000000
122824.000000
103012.000000
76841.000000
32394.000000
8800.000000
4997.000000
5730.000000
121612.000000
97271.000000
76019.000000
66362.000000
75777.000000
119923.000000
126111.000000
72959.000000
104285.000000
102073.000000
89255.000000
118004.000000
115061.000000
60396.000000
21790.000000
9469.000000
58183.000000
72492.000000
19580.000000
49061.000000
91006.000000
78676.000000
74093.000000
28158.000000
29827.000000
62108.000000
32923.000000
14195.000000
30145.000000
111018.000000
92938.000000
73449.000000
22089.000000
4849.000000
8477.000000
9186.000000
8521.000000
13284.000000
21112.000000
122113.000000
129208.000000
35068.000000
107692.000000
96278.000000
25438.000000
88786.000000
23568.000000
81432.000000
36802.000000
38696.000000
121098.000000
120263.000000
9758.000000
103053.000000
120803.000000
96089.000000
53407.000000
89981.000000
102465.000000
31502.000000
12144.000000
100117.000000
7705.000000
37255.000000
91488.000000
102751.000000
137051.000000
26027.000000
22037.000000
11087.000000
21093.000000
41713.000000
110552.000000
22498.000000
9944.000000
124439.000000
68275.000000
46837.000000
7377.000000
36862.000000
108824.000000
34160.000000
137051.000000
25724.000000
41440.000000
22037.000000
76825.000000
96323.000000
63704.000000
63617.000000
62150.000000
99678.000000
130756.000000
129954.000000
10276.000000
87031.000000
36525.000000
86009.000000
67514.000000
115964.000000
14346.000000
57779.000000
29036.000000
94948.000000
82297.000000
63209.000000
30517.000000
27841.000000
3008.000000
113519.000000
87010.000000
84266.000000
109399.000000
