0.000000
0.000000
0.000000
0.000000
0.000000
0.000000
0.000000
0.000000
0.000000
0.000000
0.000000
0.000000
0.000000
0.000000
0.000000
0.000000
0.000000
0.000000
0.000000
0.000000
0.000000
0.000000
0.000000
0.000000
0.000000
397609.000000
88614.000000
99017.000000
16374.000000
87797.000000
38994.000000
90243.000000
93575.000000
84515.000000
68881.000000
76690.000000
63027.000000
87316.000000
82206.000000
81605.000000
91382.000000
71574.000000
76315.000000
24697.000000
56727.000000
15843.000000
63857.000000
85083.000000
52303.000000
69975.000000
18283.000000
78185.000000
77947.000000
81605.000000
57449.000000
80397.000000
54637.000000
70353.000000
53338.000000
41243.000000
55513.000000
71296.000000
65052.000000
85896.000000
71846.000000
58619.000000
78938.000000
41184.000000
76583.000000
63140.000000
16806.000000
84677.000000
43094.000000
81478.000000
30561.000000
60399.000000
63778.000000
52252.000000
140588.000000
89617.000000
76299.000000
92105.000000
95523.000000
12586.000000
18561.000000
6816.000000
48835.000000
71243.000000
75538.000000
9458.000000
5642.000000
3787.000000
29908.000000
6621.000000
57183.000000
70230.000000
76590.000000
83945.000000
7460.000000
6217.000000
4721.000000
12048.000000
82957.000000
4794.000000
5080.000000
46764.000000
19500.000000
85114.000000
112532.000000
65143.000000
72645.000000
37179.000000
15440.000000
62117.000000
55453.000000
88633.000000
1656.000000
105994.000000
78690.000000
68732.000000
92779.000000
44435.000000
82272.000000
63031.000000
53549.000000
53815.000000
73045.000000
5490.000000
58409.000000
80248.000000
88258.000000
52221.000000
83707.000000
72857.000000
35635.000000
53338.000000
80673.000000
76811.000000
76116.000000
12531.000000
7341.000000
3931.000000
84015.000000
52557.000000
91846.000000
73821.000000
69900.000000
73562.000000
41985.000000
93067.000000
81285.000000
77929.000000
37934.000000
93908.000000
84709.000000
77090.000000
85527.000000
73754.000000
72425.000000
75337.000000
47888.000000
39028.000000
20813.000000
22939.000000
74118.000000
56085.000000
78773.000000
40271.000000
10281.000000
88815.000000
68876.000000
70284.000000
53523.000000
87241.000000
44714.000000
78381.000000
39354.000000
77583.000000
63164.000000
31029.000000
66968.000000
87605.000000
77529.000000
65759.000000
74426.000000
73663.000000
21542.000000
25366.000000
38263.000000
77645.000000
7538.000000
6934.000000
6978.000000
38019.000000
11011.000000
9114.000000
10537.000000
20614.000000
47858.000000
17102.000000
44200.000000
73387.000000
6421.000000
14831.000000
92425.000000
4166.000000
98641.000000
83344.000000
61638.000000
48647.000000
8990.000000
86062.000000
17341.000000
52291.000000
54026.000000
88341.000000
78460.000000
64637.000000
91265.000000
93936.000000
81979.000000
37259.000000
28613.000000
97434.000000
4053.000000
33085.000000
9476.000000
24285.000000
16557.000000
6141.000000
4018.000000
6902.000000
7525.000000
77281.000000
76575.000000
9407.000000
4615.000000
6594.000000
27699.000000
14246.000000
73785.000000
6694.000000
5405.000000
10235.000000
21414.000000
82173.000000
68793.000000
92755.000000
71716.000000
71816.000000
78519.000000
41697.000000
14278.000000
5785.000000
84494.000000
62142.000000
41188.000000
74925.000000
86084.000000
31547.000000
30012.000000
25760.000000
76469.000000
10465.000000
67659.000000
44585.000000
74734.000000
69859.000000
74247.000000
68171.000000
41258.000000
72425.000000
82493.000000
24405.000000
43162.000000
25004.000000
4485.000000
4896.000000
8030.000000
6929.000000
12974.000000
77852.000000
86080.000000
43200.000000
90182.000000
19521.000000
83943.000000
33468.000000
74483.000000
94501.000000
88314.000000
76065.000000
76148.000000
35539.000000
67662.000000
63424.000000
65301.000000
85490.000000
77212.000000
69942.000000
105362.000000
89898.000000
92723.000000
86620.000000
21873.000000
85410.000000
80048.000000
75652.000000
76141.000000
71599.000000
30134.000000
88474.000000
86642.000000
15528.000000
78988.000000
82659.000000
63510.000000
19606.000000
85514.000000
80859.000000
61252.000000
79287.000000
87768.000000
32967.000000
57784.000000
64658.000000
71029.000000
58808.000000
7049.000000
94600.000000
59512.000000
56108.000000
29767.000000
8870.000000
3523.000000
4706.000000
76792.000000
81136.000000
66153.000000
69063.000000
47353.000000
87313.000000
85072.000000
59520.000000
86828.000000
80499.000000
72998.000000
79142.000000
78658.000000
47284.000000
28727.000000
10754.000000
59779.000000
70134.000000
10884.000000
48771.000000
76251.000000
68406.000000
68732.000000
31471.000000
29847.000000
50683.000000
38960.000000
11439.000000
30388.000000
81429.000000
86486.000000
59309.000000
21265.000000
4485.000000
8030.000000
6929.000000
12974.000000
15804.000000
9887.000000
88952.000000
88013.000000
31010.000000
79841.000000
74576.000000
22176.000000
68111.000000
28660.000000
75770.000000
43587.000000
40388.000000
97299.000000
85084.000000
15528.000000
77033.000000
114154.000000
88392.000000
56232.000000
76460.000000
92026.000000
29908.000000
11339.000000
75200.000000
9398.000000
37046.000000
77207.000000
87271.000000
108343.000000
22266.000000
29430.000000
10681.000000
26319.000000
37341.000000
90633.000000
23263.000000
12108.000000
78820.000000
69500.000000
51161.000000
5832.000000
40804.000000
88528.000000
33817.000000
108343.000000
32735.000000
37210.000000
29376.000000
83702.000000
75933.000000
72525.000000
64870.000000
58426.000000
84848.000000
84581.000000
68878.000000
10558.000000
79800.000000
29661.000000
95285.000000
54563.000000
85857.000000
11325.000000
59974.000000
30561.000000
74051.000000
75362.000000
46254.000000
26968.000000
24856.000000
2700.000000
67821.000000
78241.000000
58916.000000
95364.000000
