0.000000
0.000000
0.000000
0.000000
0.000000
0.000000
0.000000
0.000000
0.000000
0.000000
0.000000
0.000000
0.000000
0.000000
0.000000
0.000000
0.000000
0.000000
0.000000
0.000000
0.000000
0.000000
0.000000
0.000000
0.000000
0.000000
1695700.000000
257780.000000
15252.000000
212586.000000
57066.000000
323885.000000
183163.000000
145775.000000
265332.000000
309748.000000
278683.000000
303634.000000
175991.000000
325394.000000
310396.000000
254610.000000
249678.000000
26090.000000
100077.000000
8638.000000
239465.000000
350456.000000
62164.000000
236182.000000
23600.000000
112594.000000
343380.000000
325394.000000
77013.000000
410916.000000
66029.000000
155542.000000
53315.000000
45998.000000
60315.000000
126194.000000
232644.000000
296791.000000
113078.000000
87625.000000
204288.000000
54570.000000
267794.000000
92145.000000
19229.000000
154231.000000
74245.000000
202906.000000
38382.000000
60704.000000
65404.000000
137799.000000
276237.000000
116109.000000
133755.000000
348096.000000
366967.000000
12576.000000
19404.000000
5808.000000
55510.000000
205785.000000
120034.000000
10350.000000
7420.000000
4193.000000
27761.000000
12215.000000
71955.000000
124267.000000
134673.000000
172435.000000
7951.000000
6093.000000
6049.000000
11287.000000
203012.000000
3806.000000
5351.000000
53125.000000
22340.000000
214057.000000
403587.000000
69772.000000
108980.000000
46637.000000
16452.000000
214176.000000
74389.000000
332856.000000
1734.000000
360695.000000
190756.000000
108651.000000
198904.000000
78091.000000
113553.000000
79313.000000
73496.000000
66780.000000
195997.000000
5596.000000
189032.000000
209518.000000
258871.000000
58060.000000
397405.000000
192162.000000
42395.000000
53315.000000
346459.000000
279763.000000
200818.000000
11329.000000
9023.000000
5112.000000
139757.000000
74504.000000
182941.000000
129842.000000
130731.000000
156235.000000
50148.000000
200097.000000
121337.000000
260279.000000
41256.000000
350592.000000
348139.000000
271312.000000
345751.000000
154630.000000
131913.000000
173155.000000
69794.000000
35730.000000
32660.000000
17659.000000
225582.000000
85167.000000
293116.000000
50956.000000
10635.000000
272647.000000
236059.000000
238623.000000
92361.000000
221111.000000
45883.000000
198573.000000
45943.000000
357078.000000
220998.000000
32944.000000
244113.000000
305261.000000
197914.000000
80128.000000
189512.000000
77520.000000
25348.000000
35645.000000
56123.000000
128343.000000
7720.000000
5849.000000
8802.000000
37908.000000
14953.000000
12717.000000
10757.000000
23085.000000
47078.000000
23087.000000
54138.000000
71426.000000
9506.000000
11731.000000
186652.000000
4686.000000
180256.000000
213294.000000
197288.000000
72153.000000
7317.000000
346982.000000
21871.000000
78898.000000
37440.000000
148976.000000
344845.000000
117762.000000
219121.000000
368945.000000
421962.000000
46609.000000
34354.000000
375438.000000
4986.000000
42172.000000
9595.000000
16061.000000
15067.000000
5957.000000
4316.000000
8451.000000
10706.000000
130874.000000
112226.000000
9371.000000
5649.000000
6278.000000
32415.000000
12817.000000
112448.000000
7174.000000
5807.000000
10360.000000
26413.000000
161138.000000
145540.000000
354371.000000
233541.000000
153080.000000
289877.000000
55110.000000
13214.000000
6691.000000
332179.000000
145445.000000
52606.000000
103325.000000
370379.000000
46703.000000
32789.000000
26801.000000
163061.000000
15549.000000
106806.000000
54549.000000
156660.000000
193031.000000
196990.000000
115761.000000
49930.000000
131806.000000
125120.000000
37539.000000
38618.000000
25771.000000
6265.000000
6676.000000
8143.000000
8598.000000
8870.000000
137861.000000
324019.000000
47902.000000
307759.000000
22503.000000
132431.000000
38849.000000
167030.000000
167887.000000
288356.000000
183194.000000
218670.000000
50172.000000
103617.000000
289571.000000
212357.000000
358155.000000
139227.000000
323254.000000
394269.000000
297400.000000
204763.000000
295930.000000
26143.000000
199122.000000
313653.000000
140699.000000
321242.000000
119997.000000
34498.000000
147898.000000
176834.000000
14119.000000
239728.000000
205157.000000
239773.000000
20720.000000
214008.000000
288631.000000
208145.000000
237356.000000
250999.000000
74892.000000
69501.000000
110315.000000
327862.000000
79107.000000
8075.000000
369389.000000
149052.000000
57325.000000
43856.000000
10546.000000
5134.000000
4907.000000
329146.000000
160682.000000
98337.000000
89748.000000
64889.000000
350704.000000
282286.000000
82840.000000
316651.000000
364525.000000
135799.000000
139770.000000
226461.000000
76771.000000
22897.000000
8122.000000
82397.000000
107358.000000
13974.000000
61165.000000
273147.000000
124268.000000
108651.000000
32179.000000
40607.000000
103936.000000
43438.000000
13550.000000
25178.000000
261476.000000
128874.000000
109115.000000
26426.000000
6265.000000
8143.000000
8598.000000
8870.000000
16141.000000
26509.000000
360387.000000
322853.000000
43744.000000
359808.000000
131010.000000
22787.000000
206270.000000
23419.000000
99556.000000
32364.000000
40361.000000
382879.000000
331759.000000
14119.000000
243233.000000
377576.000000
371970.000000
72525.000000
274828.000000
254585.000000
27761.000000
10808.000000
167359.000000
8897.000000
42782.000000
84593.000000
235650.000000
354903.000000
30567.000000
26916.000000
11776.000000
29803.000000
51155.000000
327499.000000
19189.000000
14028.000000
248977.000000
71315.000000
53926.000000
6305.000000
42371.000000
347911.000000
39226.000000
354903.000000
29232.000000
42351.000000
27017.000000
130769.000000
271934.000000
105749.000000
51195.000000
108720.000000
227780.000000
261322.000000
138668.000000
9443.000000
167682.000000
33652.000000
284984.000000
70736.000000
292450.000000
13424.000000
100179.000000
38382.000000
202787.000000
113869.000000
59617.000000
39744.000000
31106.000000
2539.000000
193217.000000
250531.000000
129597.000000
348271.000000
