0.000000
0.000000
0.000000
0.000000
0.000000
0.000000
0.000000
0.000000
0.000000
0.000000
0.000000
0.000000
0.000000
0.000000
0.000000
0.000000
0.000000
0.000000
0.000000
0.000000
0.000000
0.000000
0.000000
0.000000
0.000000
0.000000
0.000000
1164621.000000
17398.000000
214619.000000
48933.000000
231418.000000
172909.000000
111970.000000
215976.000000
260160.000000
199943.000000
267704.000000
181176.000000
254984.000000
252750.000000
201184.000000
205423.000000
29501.000000
108230.000000
13488.000000
239178.000000
261475.000000
57371.000000
205463.000000
22098.000000
129851.000000
222784.000000
253086.000000
72105.000000
274733.000000
64411.000000
119907.000000
55542.000000
55578.000000
68055.000000
109974.000000
214248.000000
239706.000000
99527.000000
102945.000000
136812.000000
53724.000000
231710.000000
88580.000000
20460.000000
137232.000000
61971.000000
186312.000000
33101.000000
71993.000000
77576.000000
127604.000000
228908.000000
133632.000000
130975.000000
242482.000000
270217.000000
10945.000000
17203.000000
6903.000000
51893.000000
169822.000000
120990.000000
9088.000000
6261.000000
3436.000000
31192.000000
6118.000000
70840.000000
113677.000000
139896.000000
132772.000000
8339.000000
5060.000000
5824.000000
9812.000000
200253.000000
4966.000000
6217.000000
41421.000000
18654.000000
179031.000000
284970.000000
81290.000000
95870.000000
48289.000000
15322.000000
213065.000000
91607.000000
249532.000000
1810.000000
249583.000000
164650.000000
115525.000000
179025.000000
52362.000000
113551.000000
75519.000000
62277.000000
62976.000000
169554.000000
6650.000000
136245.000000
192192.000000
214416.000000
56348.000000
328422.000000
166349.000000
29650.000000
55542.000000
244169.000000
220802.000000
217518.000000
10627.000000
11937.000000
5166.000000
154283.000000
54550.000000
187949.000000
129481.000000
127524.000000
175603.000000
48990.000000
183535.000000
148241.000000
169599.000000
44084.000000
214092.000000
274806.000000
217897.000000
291982.000000
103693.000000
115937.000000
94160.000000
74676.000000
42755.000000
29245.000000
17915.000000
208738.000000
88573.000000
216648.000000
38423.000000
11588.000000
219590.000000
237816.000000
204659.000000
88021.000000
218031.000000
47661.000000
203876.000000
53203.000000
260426.000000
194720.000000
33377.000000
204141.000000
212148.000000
203876.000000
90236.000000
201125.000000
80893.000000
22560.000000
28439.000000
44538.000000
145388.000000
6119.000000
6920.000000
6804.000000
30312.000000
10880.000000
9126.000000
10605.000000
21950.000000
55286.000000
18721.000000
53278.000000
75400.000000
7216.000000
16059.000000
175299.000000
4149.000000
192354.000000
181031.000000
164189.000000
57326.000000
6818.000000
255208.000000
22097.000000
66973.000000
47541.000000
150789.000000
256590.000000
122467.000000
205038.000000
269936.000000
283041.000000
34600.000000
30914.000000
272003.000000
8032.000000
41524.000000
7866.000000
23153.000000
17971.000000
5670.000000
3597.000000
6603.000000
8672.000000
135523.000000
113658.000000
8113.000000
5443.000000
6212.000000
29166.000000
13735.000000
125411.000000
8679.000000
5043.000000
16052.000000
21934.000000
174622.000000
142977.000000
293091.000000
185222.000000
165014.000000
265547.000000
49453.000000
13956.000000
9196.000000
245046.000000
154130.000000
55118.000000
115756.000000
252465.000000
39638.000000
34748.000000
25532.000000
180313.000000
16033.000000
102623.000000
55859.000000
158187.000000
199242.000000
173351.000000
131809.000000
55413.000000
155949.000000
116410.000000
26380.000000
52092.000000
31014.000000
6102.000000
4239.000000
9804.000000
10149.000000
10534.000000
141985.000000
232135.000000
54780.000000
286097.000000
19930.000000
173347.000000
41720.000000
184545.000000
170436.000000
265807.000000
178546.000000
245027.000000
47791.000000
110814.000000
226129.000000
197631.000000
254759.000000
143998.000000
232524.000000
271552.000000
257625.000000
168027.000000
246596.000000
26293.000000
200785.000000
233306.000000
129950.000000
264187.000000
127538.000000
38892.000000
174273.000000
199380.000000
11328.000000
198818.000000
199548.000000
192717.000000
17438.000000
193228.000000
219926.000000
220347.000000
196658.000000
207521.000000
75142.000000
73319.000000
121855.000000
231683.000000
63569.000000
7926.000000
268270.000000
168127.000000
67220.000000
39202.000000
10381.000000
5898.000000
7073.000000
251875.000000
142714.000000
78329.000000
85348.000000
59623.000000
252061.000000
209641.000000
88742.000000
229744.000000
228593.000000
153458.000000
163969.000000
169841.000000
86821.000000
25461.000000
11918.000000
101447.000000
113940.000000
14982.000000
55008.000000
250977.000000
114137.000000
115525.000000
41436.000000
42854.000000
97118.000000
41493.000000
12481.000000
31082.000000
238591.000000
121138.000000
108092.000000
24248.000000
6102.000000
9804.000000
10149.000000
10534.000000
13343.000000
20770.000000
230662.000000
231286.000000
38422.000000
271379.000000
123658.000000
24099.000000
189229.000000
27030.000000
91035.000000
41577.000000
47919.000000
272941.000000
269216.000000
11328.000000
190713.000000
266423.000000
259457.000000
59128.000000
223501.000000
233541.000000
31192.000000
9939.000000
144405.000000
9078.000000
39854.000000
87393.000000
206274.000000
237879.000000
25454.000000
29829.000000
10966.000000
25470.000000
41354.000000
217336.000000
25398.000000
12157.000000
158369.000000
102445.000000
39912.000000
6579.000000
45027.000000
302330.000000
37477.000000
237879.000000
24922.000000
39098.000000
29829.000000
149894.000000
187524.000000
99083.000000
81199.000000
91279.000000
197812.000000
162546.000000
153450.000000
10756.000000
156704.000000
35422.000000
232106.000000
84655.000000
234721.000000
12091.000000
97142.000000
33101.000000
213828.000000
119191.000000
62603.000000
48595.000000
31031.000000
3262.000000
167964.000000
166543.000000
137703.000000
257438.000000
