0.000000
0.000000
0.000000
0.000000
0.000000
0.000000
0.000000
0.000000
0.000000
0.000000
0.000000
0.000000
0.000000
0.000000
0.000000
0.000000
0.000000
0.000000
0.000000
0.000000
0.000000
0.000000
0.000000
0.000000
0.000000
0.000000
0.000000
0.000000
65757.000000
14458.000000
15883.000000
15482.000000
12310.000000
13221.000000
19207.000000
16604.000000
15653.000000
17242.000000
14888.000000
14358.000000
18514.000000
15853.000000
16070.000000
15301.000000
15216.000000
7659.000000
11570.000000
14052.000000
13168.000000
14037.000000
16058.000000
15568.000000
20542.000000
14358.000000
13664.000000
15994.000000
18437.000000
16820.000000
17558.000000
11011.000000
13203.000000
10552.000000
15561.000000
19171.000000
12857.000000
9675.000000
15731.000000
15614.000000
14511.000000
14379.000000
9007.000000
14919.000000
17315.000000
13091.000000
14838.000000
14571.000000
16864.000000
16519.000000
14264.000000
16910.000000
15293.000000
15249.000000
13632.000000
7557.000000
13649.000000
6424.000000
13292.000000
10807.000000
16460.000000
5668.000000
5276.000000
3589.000000
9101.000000
5718.000000
12162.000000
14127.000000
12626.000000
14368.000000
6889.000000
4349.000000
5826.000000
10240.000000
18329.000000
5481.000000
5768.000000
15039.000000
11118.000000
15076.000000
19570.000000
16958.000000
13431.000000
10543.000000
10648.000000
18321.000000
13295.000000
13522.000000
1566.000000
17064.000000
16363.000000
19394.000000
14666.000000
11926.000000
14591.000000
12877.000000
13485.000000
12885.000000
10128.000000
3552.000000
14657.000000
11132.000000
12994.000000
10011.000000
15097.000000
11135.000000
11472.000000
17558.000000
14143.000000
13815.000000
12119.000000
10015.000000
7198.000000
2599.000000
15279.000000
11512.000000
14334.000000
13216.000000
17606.000000
15382.000000
11813.000000
14003.000000
15491.000000
11831.000000
11580.000000
17321.000000
13811.000000
15614.000000
15202.000000
15550.000000
15870.000000
13059.000000
10274.000000
12958.000000
11534.000000
10696.000000
21751.000000
13288.000000
14222.000000
15349.000000
6895.000000
16849.000000
11570.000000
14037.000000
12415.000000
16572.000000
12842.000000
16321.000000
12872.000000
15231.000000
16280.000000
12274.000000
14708.000000
13187.000000
16321.000000
15239.000000
15665.000000
12798.000000
8902.000000
11036.000000
13296.000000
18805.000000
4837.000000
4538.000000
4035.000000
10129.000000
7977.000000
4789.000000
7619.000000
13709.000000
15840.000000
14798.000000
15373.000000
17560.000000
5392.000000
8508.000000
21580.000000
3706.000000
13694.000000
14215.000000
11119.000000
11726.000000
7744.000000
16315.000000
10391.000000
15064.000000
21676.000000
16457.000000
16906.000000
18295.000000
16299.000000
14991.000000
14214.000000
11378.000000
11226.000000
14571.000000
5152.000000
11580.000000
8399.000000
11174.000000
9637.000000
4511.000000
4279.000000
5211.000000
6959.000000
12337.000000
14920.000000
7525.000000
4289.000000
5182.000000
9256.000000
9651.000000
9973.000000
5987.000000
4692.000000
6369.000000
11337.000000
15582.000000
13593.000000
18022.000000
15258.000000
11459.000000
14145.000000
13988.000000
8974.000000
5801.000000
15349.000000
16141.000000
12240.000000
12121.000000
14678.000000
14229.000000
17106.000000
15007.000000
12515.000000
7456.000000
13713.000000
8273.000000
12394.000000
14703.000000
15353.000000
17427.000000
14045.000000
13535.000000
13991.000000
9320.000000
13014.000000
9562.000000
4412.000000
4460.000000
5222.000000
7277.000000
7982.000000
12626.000000
15911.000000
15758.000000
18238.000000
10090.000000
16283.000000
9204.000000
17737.000000
13879.000000
15676.000000
13471.000000
19285.000000
15507.000000
12839.000000
18291.000000
16413.000000
16415.000000
18764.000000
13239.000000
14371.000000
18734.000000
16300.000000
15752.000000
11578.000000
12531.000000
17995.000000
19919.000000
12631.000000
15724.000000
12886.000000
17735.000000
15425.000000
7420.000000
15686.000000
18338.000000
18746.000000
9323.000000
16165.000000
15684.000000
13718.000000
16675.000000
14845.000000
14283.000000
16498.000000
14999.000000
15288.000000
10772.000000
5637.000000
14364.000000
15913.000000
14631.000000
13296.000000
6629.000000
3081.000000
3133.000000
18142.000000
11698.000000
11037.000000
14116.000000
17640.000000
15783.000000
14634.000000
14443.000000
16192.000000
13252.000000
15645.000000
14743.000000
13600.000000
14390.000000
12064.000000
8419.000000
9745.000000
16969.000000
9708.000000
12179.000000
14037.000000
14253.000000
19394.000000
10755.000000
9826.000000
14399.000000
12159.000000
5190.000000
9562.000000
17046.000000
14729.000000
16453.000000
12853.000000
4412.000000
5222.000000
7277.000000
7982.000000
4880.000000
5773.000000
12720.000000
18730.000000
12371.000000
14461.000000
13858.000000
11575.000000
16805.000000
11546.000000
15974.000000
9640.000000
12579.000000
16074.000000
12734.000000
7420.000000
11425.000000
18354.000000
14247.000000
20641.000000
14165.000000
14603.000000
9101.000000
10178.000000
12009.000000
6490.000000
14088.000000
14729.000000
12600.000000
12959.000000
13624.000000
12348.000000
9037.000000
11709.000000
16400.000000
14177.000000
15492.000000
9428.000000
12250.000000
15927.000000
11808.000000
3750.000000
13482.000000
15234.000000
13338.000000
12959.000000
14567.000000
14088.000000
12348.000000
11577.000000
13624.000000
14340.000000
13967.000000
13617.000000
12600.000000
18091.000000
14249.000000
7239.000000
16565.000000
12444.000000
10442.000000
13951.000000
14613.000000
5116.000000
14399.000000
14838.000000
15234.000000
14658.000000
12041.000000
12820.000000
13402.000000
2353.000000
14196.000000
11831.000000
14407.000000
15443.000000
