0.000000
0.000000
748205.000000
468105.000000
25629.000000
63050.000000
30866.000000
17132.000000
3251.000000
21359.000000
14411.000000
93760.000000
143780.000000
68046.000000
52637.000000
102896.000000
83168.000000
55605.000000
10615.000000
50096.000000
8382.000000
77578.000000
3040.000000
93000.000000
49475.000000
49475.000000
92963.000000
91873.000000
12493.000000
92276.000000
27197.000000
136254.000000
83742.000000
55237.000000
209526.000000
95651.000000
191506.000000
105306.000000
96298.000000
89164.000000
101646.000000
205620.000000
73390.000000
8931.000000
48385.000000
8240.000000
100011.000000
56648.000000
35766.000000
89069.000000
17218.000000
61746.000000
119008.000000
89164.000000
84436.000000
96836.000000
42485.000000
64871.000000
42808.000000
20126.000000
64981.000000
50846.000000
37942.000000
61233.000000
59837.000000
36779.000000
75981.000000
30833.000000
126825.000000
41642.000000
7304.000000
42839.000000
46055.000000
95773.000000
46386.000000
30426.000000
49785.000000
367096.000000
100919.000000
43031.000000
47651.000000
85224.000000
109106.000000
7955.000000
16621.000000
4341.000000
36607.000000
126827.000000
31955.000000
6538.000000
6515.000000
2655.000000
27751.000000
8026.000000
23426.000000
39394.000000
51193.000000
57064.000000
5496.000000
4350.000000
4234.000000
10784.000000
89608.000000
3793.000000
3514.000000
24884.000000
13818.000000
79006.000000
102863.000000
76647.000000
35089.000000
35968.000000
16088.000000
111372.000000
41794.000000
82594.000000
1296.000000
135883.000000
65953.000000
82254.000000
104201.000000
51745.000000
38224.000000
32016.000000
25279.000000
29496.000000
66844.000000
7406.000000
129424.000000
65996.000000
81368.000000
36110.000000
86647.000000
54966.000000
31683.000000
42808.000000
108335.000000
115857.000000
73872.000000
8025.000000
10632.000000
2775.000000
74880.000000
31263.000000
67095.000000
124365.000000
178220.000000
172677.000000
14396.000000
107955.000000
54738.000000
91231.000000
48374.000000
141886.000000
82659.000000
111548.000000
96586.000000
142998.000000
78145.000000
63552.000000
47728.000000
29875.000000
9581.000000
11491.000000
109669.000000
37359.000000
130294.000000
57356.000000
9990.000000
73594.000000
104905.000000
89942.000000
65328.000000
101011.000000
90657.000000
86982.000000
77671.000000
105427.000000
153029.000000
20180.000000
70497.000000
120846.000000
87351.000000
55986.000000
81300.000000
41987.000000
11350.000000
12833.000000
28827.000000
72847.000000
6151.000000
4035.000000
5010.000000
16460.000000
5671.000000
7120.000000
8380.000000
9640.000000
30906.000000
8747.000000
36024.000000
49127.000000
5724.000000
10762.000000
87215.000000
2307.000000
71284.000000
54147.000000
94204.000000
41214.000000
4877.000000
118556.000000
6666.000000
60558.000000
40832.000000
55192.000000
67516.000000
43676.000000
79238.000000
88704.000000
88243.000000
15721.000000
22567.000000
79239.000000
4420.000000
31574.000000
5144.000000
12853.000000
14144.000000
5746.000000
2837.000000
5172.000000
5736.000000
32652.000000
50734.000000
5752.000000
3442.000000
3728.000000
6689.000000
8076.000000
62496.000000
4233.000000
4513.000000
8372.000000
11216.000000
87346.000000
32326.000000
105990.000000
75447.000000
32193.000000
100567.000000
31369.000000
7588.000000
8514.000000
69153.000000
75475.000000
43754.000000
45363.000000
79305.000000
21612.000000
8030.000000
10131.000000
70633.000000
9817.000000
78665.000000
17959.000000
43125.000000
50853.000000
87299.000000
121764.000000
39845.000000
50224.000000
50311.000000
22524.000000
26379.000000
27062.000000
4130.000000
4341.000000
7582.000000
8541.000000
8023.000000
52975.000000
97133.000000
99886.000000
121626.000000
8933.000000
84835.000000
17585.000000
66925.000000
85588.000000
67107.000000
72043.000000
78441.000000
25342.000000
34254.000000
87384.000000
75589.000000
108341.000000
72073.000000
88727.000000
89839.000000
87103.000000
87873.000000
78196.000000
18425.000000
50459.000000
80310.000000
60941.000000
59334.000000
48601.000000
14463.000000
72374.000000
114015.000000
8497.000000
51147.000000
43587.000000
74990.000000
6279.000000
80916.000000
38029.000000
172466.000000
94605.000000
74976.000000
119198.000000
80601.000000
149205.000000
66271.000000
48834.000000
10013.000000
123188.000000
71641.000000
56590.000000
15901.000000
8723.000000
4076.000000
6476.000000
96705.000000
63212.000000
25390.000000
47760.000000
71056.000000
70155.000000
86276.000000
38269.000000
125284.000000
101287.000000
65368.000000
78295.000000
161720.000000
65676.000000
21450.000000
5726.000000
30285.000000
68307.000000
25357.000000
40240.000000
90676.000000
40127.000000
82254.000000
24489.000000
31138.000000
60485.000000
26822.000000
7568.000000
29321.000000
72386.000000
70636.000000
84018.000000
22204.000000
4130.000000
7582.000000
8541.000000
8023.000000
14411.000000
27421.000000
117519.000000
100333.000000
20924.000000
108972.000000
77681.000000
9336.000000
76242.000000
21223.000000
55394.000000
33090.000000
25943.000000
96095.000000
85703.000000
8497.000000
83525.000000
104776.000000
91450.000000
53051.000000
67830.000000
80679.000000
27751.000000
11256.000000
63647.000000
6432.000000
22614.000000
60007.000000
59928.000000
131399.000000
20595.000000
28157.000000
5824.000000
16322.000000
28566.000000
105759.000000
17990.000000
6822.000000
218085.000000
39867.000000
20274.000000
12796.000000
39484.000000
75607.000000
34857.000000
131399.000000
20706.000000
19570.000000
28216.000000
59797.000000
94346.000000
51494.000000
66335.000000
29508.000000
59066.000000
109815.000000
86035.000000
5429.000000
56323.000000
18521.000000
80338.000000
42295.000000
63594.000000
11862.000000
71144.000000
46386.000000
73789.000000
88902.000000
32738.000000
57430.000000
16097.000000
2153.000000
60277.000000
88534.000000
90898.000000
84015.000000
