0.000000
0.000000
0.000000
0.000000
0.000000
0.000000
0.000000
0.000000
0.000000
0.000000
0.000000
0.000000
0.000000
0.000000
0.000000
0.000000
0.000000
0.000000
0.000000
0.000000
0.000000
0.000000
0.000000
0.000000
0.000000
0.000000
0.000000
0.000000
0.000000
1140772.000000
38019.000000
208396.000000
159491.000000
138616.000000
179715.000000
220413.000000
199617.000000
231084.000000
162850.000000
217158.000000
229816.000000
217981.000000
147258.000000
31235.000000
97925.000000
9432.000000
182999.000000
251862.000000
56923.000000
192428.000000
19552.000000
141792.000000
239371.000000
208267.000000
85587.000000
260380.000000
63674.000000
140388.000000
62406.000000
47031.000000
64388.000000
106313.000000
166609.000000
234846.000000
109013.000000
83206.000000
116926.000000
40966.000000
176564.000000
87063.000000
18600.000000
144479.000000
58991.000000
173878.000000
36016.000000
54210.000000
88285.000000
94781.000000
205700.000000
117430.000000
117073.000000
245615.000000
192227.000000
12579.000000
20609.000000
6929.000000
44383.000000
158213.000000
98726.000000
11814.000000
8986.000000
4055.000000
25752.000000
6334.000000
68642.000000
118326.000000
127195.000000
136314.000000
6278.000000
6387.000000
5819.000000
11651.000000
172736.000000
7148.000000
6807.000000
57858.000000
18281.000000
190686.000000
230514.000000
80296.000000
98322.000000
47522.000000
13601.000000
169464.000000
77641.000000
218309.000000
1393.000000
260854.000000
152404.000000
111503.000000
177629.000000
65238.000000
107591.000000
86734.000000
65301.000000
66146.000000
130575.000000
3858.000000
156723.000000
196346.000000
177025.000000
61245.000000
260087.000000
139271.000000
40228.000000
62406.000000
217464.000000
184358.000000
195997.000000
10285.000000
9064.000000
4688.000000
134077.000000
75977.000000
171770.000000
129314.000000
145491.000000
162869.000000
55969.000000
171925.000000
123838.000000
163187.000000
38215.000000
214876.000000
237511.000000
176275.000000
244113.000000
99147.000000
81638.000000
146188.000000
91291.000000
35244.000000
30619.000000
17103.000000
198974.000000
94088.000000
198987.000000
46406.000000
10121.000000
179851.000000
183472.000000
190426.000000
82717.000000
196497.000000
51837.000000
188112.000000
50170.000000
239924.000000
153849.000000
39398.000000
189335.000000
227905.000000
182541.000000
90491.000000
180542.000000
81540.000000
23930.000000
24849.000000
51868.000000
110226.000000
7340.000000
6391.000000
10355.000000
34043.000000
8677.000000
11198.000000
12628.000000
21886.000000
42814.000000
20011.000000
51028.000000
65182.000000
8066.000000
16530.000000
179600.000000
3949.000000
184314.000000
184920.000000
155386.000000
67808.000000
7553.000000
217076.000000
22829.000000
66800.000000
48206.000000
135716.000000
228054.000000
113558.000000
192321.000000
261118.000000
259178.000000
42210.000000
30469.000000
220390.000000
5450.000000
37988.000000
8953.000000
22777.000000
17723.000000
6543.000000
3841.000000
6032.000000
7332.000000
129855.000000
111957.000000
7962.000000
4550.000000
6244.000000
35293.000000
13142.000000
98079.000000
9265.000000
5017.000000
14114.000000
21564.000000
156342.000000
131413.000000
243624.000000
173866.000000
133765.000000
213523.000000
45700.000000
14485.000000
7000.000000
220916.000000
174317.000000
42349.000000
89790.000000
230443.000000
39657.000000
33356.000000
28724.000000
147484.000000
13252.000000
96942.000000
49922.000000
148059.000000
175466.000000
164039.000000
129530.000000
51708.000000
146114.000000
122824.000000
30514.000000
37378.000000
23841.000000
5027.000000
6339.000000
11478.000000
8823.000000
10233.000000
127526.000000
226854.000000
51423.000000
227273.000000
18518.000000
115843.000000
33608.000000
176138.000000
150181.000000
216609.000000
142842.000000
197247.000000
46012.000000
96233.000000
235548.000000
175215.000000
228421.000000
144490.000000
170908.000000
261919.000000
246339.000000
139170.000000
211713.000000
20947.000000
126316.000000
239754.000000
138040.000000
181293.000000
113020.000000
30537.000000
142782.000000
182708.000000
11988.000000
204760.000000
176285.000000
157071.000000
20956.000000
170227.000000
227317.000000
156958.000000
201231.000000
197248.000000
49026.000000
65992.000000
103783.000000
258144.000000
99248.000000
7225.000000
245277.000000
145646.000000
50765.000000
38071.000000
10482.000000
4940.000000
5651.000000
234926.000000
143834.000000
89073.000000
94844.000000
71970.000000
231384.000000
172031.000000
92716.000000
190022.000000
257253.000000
136732.000000
163690.000000
169297.000000
64757.000000
26808.000000
11566.000000
85807.000000
99020.000000
11484.000000
49199.000000
169903.000000
127274.000000
111503.000000
29312.000000
35913.000000
90086.000000
47847.000000
10582.000000
24014.000000
233900.000000
102370.000000
110241.000000
23592.000000
5027.000000
11478.000000
8823.000000
10233.000000
16608.000000
17998.000000
223544.000000
175176.000000
34038.000000
227445.000000
111906.000000
26243.000000
154000.000000
24325.000000
88902.000000
39690.000000
44101.000000
267057.000000
218034.000000
11988.000000
139117.000000
235358.000000
266382.000000
75708.000000
173725.000000
177674.000000
25752.000000
11762.000000
138925.000000
7507.000000
34419.000000
88746.000000
155404.000000
210487.000000
28555.000000
19142.000000
15856.000000
28008.000000
42040.000000
215029.000000
23479.000000
14452.000000
137833.000000
96885.000000
56000.000000
5541.000000
22262.000000
220001.000000
41203.000000
209974.000000
31597.000000
32225.000000
19142.000000
127609.000000
180539.000000
99827.000000
70050.000000
70603.000000
162731.000000
197362.000000
120495.000000
11005.000000
128192.000000
26143.000000
189003.000000
79674.000000
216315.000000
10631.000000
71944.000000
36016.000000
194871.000000
105076.000000
63967.000000
44027.000000
29671.000000
3179.000000
164057.000000
179957.000000
95967.000000
218537.000000
