0.000000
0.000000
0.000000
0.000000
0.000000
0.000000
0.000000
0.000000
0.000000
0.000000
0.000000
0.000000
0.000000
0.000000
0.000000
0.000000
0.000000
0.000000
0.000000
0.000000
0.000000
0.000000
0.000000
0.000000
0.000000
0.000000
0.000000
0.000000
0.000000
0.000000
216941.000000
47125.000000
49121.000000
43454.000000
42564.000000
50881.000000
41633.000000
48235.000000
45177.000000
50554.000000
51811.000000
47779.000000
46312.000000
22976.000000
50104.000000
12307.000000
47243.000000
45955.000000
42162.000000
38209.000000
14302.000000
35315.000000
48317.000000
50554.000000
41665.000000
45185.000000
41340.000000
42812.000000
40785.000000
38676.000000
35097.000000
45303.000000
48874.000000
50380.000000
47157.000000
43927.000000
41567.000000
36442.000000
44902.000000
42973.000000
15413.000000
40671.000000
53191.000000
39571.000000
30555.000000
38689.000000
57943.000000
29786.000000
49671.000000
41954.000000
45350.000000
48413.000000
40115.000000
12142.000000
16265.000000
6110.000000
28634.000000
42026.000000
53696.000000
8360.000000
6504.000000
4224.000000
18633.000000
7560.000000
41426.000000
46111.000000
32977.000000
51868.000000
7458.000000
6221.000000
3948.000000
12488.000000
42079.000000
4833.000000
5673.000000
37423.000000
19808.000000
41179.000000
46673.000000
45168.000000
41950.000000
28720.000000
12237.000000
37862.000000
40664.000000
48676.000000
2402.000000
51515.000000
41958.000000
51414.000000
50625.000000
33504.000000
48695.000000
41793.000000
40008.000000
40179.000000
39828.000000
5506.000000
40690.000000
47389.000000
45213.000000
39519.000000
50978.000000
46867.000000
22547.000000
40785.000000
43086.000000
36993.000000
45533.000000
13066.000000
5954.000000
3924.000000
45603.000000
43937.000000
39277.000000
37571.000000
38842.000000
41006.000000
32697.000000
50625.000000
43560.000000
43909.000000
16276.000000
42820.000000
47452.000000
49910.000000
42523.000000
35772.000000
40054.000000
34508.000000
38741.000000
32408.000000
24694.000000
22884.000000
54838.000000
41592.000000
41713.000000
30517.000000
11244.000000
36694.000000
47641.000000
41732.000000
42565.000000
46173.000000
27285.000000
51152.000000
29739.000000
52642.000000
48268.000000
27044.000000
48131.000000
48442.000000
50958.000000
43298.000000
52345.000000
56196.000000
15380.000000
23480.000000
35716.000000
44440.000000
6974.000000
5556.000000
7519.000000
26642.000000
10093.000000
8678.000000
12393.000000
17907.000000
38009.000000
18437.000000
31951.000000
43495.000000
9016.000000
11967.000000
47164.000000
4285.000000
50476.000000
50642.000000
30265.000000
25420.000000
9136.000000
50828.000000
15949.000000
34836.000000
48766.000000
39310.000000
48176.000000
38126.000000
56176.000000
55204.000000
44477.000000
37973.000000
18506.000000
50063.000000
5515.000000
35952.000000
6182.000000
20057.000000
17421.000000
4412.000000
4368.000000
6644.000000
7340.000000
39496.000000
46545.000000
7243.000000
4445.000000
5132.000000
21671.000000
7788.000000
40741.000000
6805.000000
4056.000000
12741.000000
19476.000000
43923.000000
42563.000000
45584.000000
58219.000000
45384.000000
53767.000000
31338.000000
11687.000000
8735.000000
51336.000000
40505.000000
38449.000000
45312.000000
46775.000000
29687.000000
21946.000000
23002.000000
47359.000000
10904.000000
44380.000000
33405.000000
47448.000000
45883.000000
40928.000000
56315.000000
44653.000000
42414.000000
41094.000000
24058.000000
29946.000000
14965.000000
4485.000000
4902.000000
5199.000000
6022.000000
8319.000000
35438.000000
37753.000000
32855.000000
50828.000000
16880.000000
48485.000000
24785.000000
42677.000000
44319.000000
43644.000000
48425.000000
43085.000000
32262.000000
44243.000000
44588.000000
54827.000000
49628.000000
57152.000000
48659.000000
60868.000000
54650.000000
44246.000000
50213.000000
22784.000000
36679.000000
49098.000000
45094.000000
55968.000000
42963.000000
28908.000000
42615.000000
49411.000000
13459.000000
47300.000000
48303.000000
37675.000000
19378.000000
44787.000000
43311.000000
38663.000000
45270.000000
50159.000000
35239.000000
38868.000000
21786.000000
44897.000000
39295.000000
5488.000000
51082.000000
40597.000000
36924.000000
32899.000000
8888.000000
5321.000000
6172.000000
55978.000000
41004.000000
40037.000000
39994.000000
43150.000000
45322.000000
44427.000000
38669.000000
41575.000000
44230.000000
43306.000000
52529.000000
41606.000000
33988.000000
22173.000000
7624.000000
49845.000000
37596.000000
8190.000000
34104.000000
46150.000000
41063.000000
51414.000000
26750.000000
19982.000000
23204.000000
29238.000000
9085.000000
18879.000000
47860.000000
50838.000000
47261.000000
18669.000000
4485.000000
5199.000000
6022.000000
8319.000000
13225.000000
6596.000000
54684.000000
49926.000000
30754.000000
41371.000000
50811.000000
18895.000000
40922.000000
22274.000000
43914.000000
30386.000000
35334.000000
50588.000000
42959.000000
13459.000000
43719.000000
49022.000000
47742.000000
46200.000000
52155.000000
41639.000000
18633.000000
11720.000000
52480.000000
7703.000000
31320.000000
50253.000000
42784.000000
39973.000000
20809.000000
20971.000000
7609.000000
24186.000000
30503.000000
41121.000000
20328.000000
12090.000000
37457.000000
31742.000000
40145.000000
4312.000000
17919.000000
50438.000000
31480.000000
39973.000000
23567.000000
28540.000000
20971.000000
43738.000000
41461.000000
48144.000000
37697.000000
30020.000000
43458.000000
44046.000000
42405.000000
10972.000000
46044.000000
25248.000000
41366.000000
39931.000000
50764.000000
8375.000000
23204.000000
30555.000000
38848.000000
54085.000000
46733.000000
28483.000000
28451.000000
2136.000000
42354.000000
44664.000000
40701.000000
50093.000000
