0.000000
0.000000
0.000000
0.000000
0.000000
0.000000
0.000000
0.000000
0.000000
0.000000
0.000000
0.000000
0.000000
0.000000
0.000000
0.000000
0.000000
0.000000
0.000000
0.000000
0.000000
0.000000
0.000000
0.000000
0.000000
0.000000
0.000000
0.000000
0.000000
0.000000
0.000000
2495990.000000
198745.000000
154912.000000
533819.000000
332685.000000
509362.000000
337313.000000
188128.000000
291575.000000
329016.000000
525702.000000
442763.000000
40762.000000
68383.000000
9443.000000
222110.000000
418560.000000
52268.000000
267967.000000
22918.000000
98572.000000
420757.000000
297882.000000
69646.000000
473790.000000
60405.000000
129613.000000
62315.000000
55008.000000
69520.000000
98322.000000
131358.000000
352182.000000
97672.000000
65997.000000
174939.000000
46215.000000
305557.000000
70940.000000
21074.000000
93942.000000
65424.000000
183442.000000
34896.000000
66995.000000
86829.000000
150975.000000
231404.000000
104509.000000
128478.000000
431927.000000
479359.000000
12836.000000
22187.000000
7068.000000
46339.000000
268466.000000
123943.000000
9880.000000
6228.000000
4508.000000
37522.000000
13222.000000
74911.000000
100835.000000
118312.000000
156116.000000
6611.000000
5965.000000
5119.000000
11817.000000
197167.000000
4625.000000
5164.000000
60539.000000
23154.000000
143267.000000
509035.000000
94210.000000
96919.000000
41027.000000
20788.000000
310631.000000
71501.000000
375903.000000
1651.000000
490499.000000
182779.000000
117161.000000
181198.000000
62175.000000
105853.000000
67547.000000
68372.000000
60534.000000
122138.000000
8223.000000
227311.000000
174133.000000
285606.000000
39547.000000
497014.000000
184984.000000
36324.000000
62315.000000
437934.000000
472729.000000
212202.000000
9911.000000
7516.000000
5551.000000
110343.000000
65718.000000
148159.000000
150501.000000
191861.000000
215440.000000
44704.000000
167069.000000
105640.000000
253332.000000
38915.000000
501664.000000
375960.000000
199217.000000
493934.000000
277300.000000
104544.000000
125161.000000
71982.000000
34397.000000
27551.000000
18209.000000
219230.000000
111654.000000
339371.000000
69813.000000
10823.000000
355120.000000
226850.000000
271310.000000
121544.000000
317673.000000
59723.000000
213489.000000
68258.000000
496833.000000
238508.000000
31779.000000
230254.000000
500275.000000
213580.000000
81669.000000
173313.000000
92675.000000
22510.000000
36045.000000
48437.000000
124361.000000
7614.000000
5748.000000
6507.000000
34121.000000
10106.000000
9605.000000
10376.000000
21074.000000
49318.000000
20477.000000
58380.000000
76589.000000
9628.000000
14520.000000
116144.000000
3725.000000
132713.000000
176675.000000
272074.000000
74373.000000
9403.000000
513102.000000
16203.000000
68554.000000
52854.000000
161368.000000
351201.000000
89526.000000
183473.000000
468709.000000
525214.000000
42554.000000
35243.000000
397545.000000
4517.000000
53577.000000
8738.000000
22740.000000
20608.000000
4797.000000
4248.000000
6370.000000
8964.000000
90744.000000
87557.000000
6810.000000
4631.000000
5741.000000
31844.000000
10736.000000
95445.000000
8013.000000
4565.000000
11526.000000
22504.000000
169202.000000
96527.000000
465036.000000
190723.000000
101295.000000
320792.000000
46482.000000
15063.000000
7626.000000
363447.000000
143961.000000
38279.000000
78222.000000
401350.000000
34427.000000
27569.000000
26825.000000
159844.000000
16083.000000
92379.000000
51862.000000
120615.000000
140017.000000
165764.000000
135922.000000
53439.000000
106904.000000
103268.000000
28594.000000
47763.000000
29935.000000
7017.000000
4744.000000
6330.000000
7702.000000
10179.000000
119688.000000
377256.000000
64514.000000
328604.000000
21451.000000
110154.000000
35709.000000
109991.000000
156972.000000
446439.000000
159254.000000
232085.000000
48651.000000
76469.000000
320128.000000
193428.000000
462876.000000
126663.000000
342428.000000
442443.000000
291146.000000
152439.000000
279694.000000
26163.000000
167628.000000
310680.000000
112198.000000
289146.000000
81846.000000
37485.000000
111100.000000
167241.000000
11707.000000
176340.000000
123162.000000
289210.000000
18309.000000
139387.000000
247459.000000
322995.000000
193489.000000
196758.000000
83385.000000
80170.000000
144059.000000
356437.000000
69147.000000
7925.000000
493312.000000
156123.000000
75143.000000
42534.000000
10363.000000
5847.000000
6639.000000
428516.000000
109563.000000
99579.000000
83308.000000
86455.000000
456842.000000
243491.000000
74404.000000
501808.000000
396334.000000
95791.000000
167642.000000
355667.000000
72973.000000
23354.000000
7916.000000
70889.000000
123625.000000
12808.000000
51649.000000
400107.000000
82324.000000
117161.000000
31360.000000
26492.000000
77363.000000
40007.000000
16072.000000
39654.000000
273407.000000
99984.000000
110287.000000
23198.000000
7017.000000
6330.000000
7702.000000
10179.000000
16463.000000
20321.000000
514265.000000
395517.000000
42924.000000
457573.000000
147388.000000
22200.000000
246945.000000
31967.000000
83052.000000
36576.000000
42317.000000
484475.000000
377085.000000
11707.000000
334328.000000
367259.000000
467308.000000
72200.000000
281774.000000
302451.000000
37522.000000
10951.000000
117120.000000
8653.000000
33426.000000
89474.000000
240773.000000
497210.000000
33846.000000
32612.000000
10471.000000
27427.000000
42757.000000
404574.000000
26183.000000
16444.000000
201078.000000
57619.000000
60103.000000
7722.000000
26204.000000
438375.000000
37921.000000
497210.000000
35207.000000
33492.000000
32612.000000
105912.000000
297092.000000
84464.000000
104772.000000
97915.000000
240816.000000
418374.000000
156345.000000
12827.000000
129181.000000
33578.000000
291125.000000
80436.000000
277573.000000
15760.000000
76297.000000
34896.000000
158278.000000
125422.000000
61556.000000
34037.000000
19815.000000
2383.000000
176324.000000
245860.000000
109986.000000
327820.000000
