0.000000
0.000000
0.000000
0.000000
0.000000
0.000000
0.000000
0.000000
0.000000
0.000000
0.000000
0.000000
0.000000
0.000000
0.000000
0.000000
0.000000
0.000000
0.000000
0.000000
0.000000
0.000000
0.000000
0.000000
0.000000
0.000000
0.000000
0.000000
0.000000
0.000000
0.000000
0.000000
850690.000000
144091.000000
183894.000000
179814.000000
179303.000000
174636.000000
649809.000000
178869.000000
185261.000000
170147.000000
160455.000000
25037.000000
100215.000000
10523.000000
181452.000000
196212.000000
63159.000000
154584.000000
19211.000000
98710.000000
197616.000000
178869.000000
79031.000000
193529.000000
67819.000000
138430.000000
56330.000000
54862.000000
75949.000000
105804.000000
181701.000000
171254.000000
95275.000000
97717.000000
118668.000000
52817.000000
158567.000000
83715.000000
18520.000000
138878.000000
63004.000000
613621.000000
27121.000000
76795.000000
87167.000000
72432.000000
178348.000000
109710.000000
128736.000000
163781.000000
228462.000000
10361.000000
19730.000000
7123.000000
72480.000000
175482.000000
98124.000000
10816.000000
6249.000000
4637.000000
28877.000000
11729.000000
69515.000000
116713.000000
120566.000000
144172.000000
5810.000000
5136.000000
5487.000000
12247.000000
146971.000000
5354.000000
5503.000000
60040.000000
20864.000000
157211.000000
206057.000000
83239.000000
103529.000000
45078.000000
11917.000000
179493.000000
78004.000000
203252.000000
2044.000000
179141.000000
133226.000000
115927.000000
165311.000000
65326.000000
107000.000000
77035.000000
54998.000000
51031.000000
144628.000000
7819.000000
140269.000000
161509.000000
166773.000000
57252.000000
189673.000000
139732.000000
31366.000000
56330.000000
204250.000000
183227.000000
172585.000000
10470.000000
9910.000000
3437.000000
122923.000000
56605.000000
135792.000000
121770.000000
130560.000000
142226.000000
53519.000000
158597.000000
120957.000000
153294.000000
19517.000000
182335.000000
170459.000000
178701.000000
197689.000000
126079.000000
117873.000000
129336.000000
79936.000000
41288.000000
23052.000000
17049.000000
173249.000000
97647.000000
181470.000000
48261.000000
11843.000000
166463.000000
168461.000000
148048.000000
92253.000000
168112.000000
55304.000000
212405.000000
43342.000000
187620.000000
161687.000000
30636.000000
156629.000000
176448.000000
212467.000000
69660.000000
164616.000000
89292.000000
22304.000000
36866.000000
39991.000000
120522.000000
6463.000000
7173.000000
6602.000000
40993.000000
15637.000000
11194.000000
9034.000000
18593.000000
54129.000000
20631.000000
37991.000000
55879.000000
9323.000000
14469.000000
145487.000000
2732.000000
147545.000000
150711.000000
130847.000000
78162.000000
6951.000000
191576.000000
18702.000000
64110.000000
43666.000000
128877.000000
195504.000000
132480.000000
167386.000000
194575.000000
197233.000000
40641.000000
37488.000000
182160.000000
4248.000000
51163.000000
10290.000000
20253.000000
19166.000000
5959.000000
4523.000000
6984.000000
5570.000000
126775.000000
111442.000000
9981.000000
4622.000000
6414.000000
27637.000000
12615.000000
103736.000000
8548.000000
3957.000000
8723.000000
20373.000000
154349.000000
136168.000000
193831.000000
161375.000000
122683.000000
195387.000000
44588.000000
14130.000000
4899.000000
160561.000000
149517.000000
52305.000000
94070.000000
216780.000000
37430.000000
29977.000000
28238.000000
132984.000000
11978.000000
92003.000000
56453.000000
143976.000000
155259.000000
157011.000000
122066.000000
53529.000000
115379.000000
123320.000000
25782.000000
36974.000000
27013.000000
5047.000000
4349.000000
10218.000000
11225.000000
11633.000000
116649.000000
198793.000000
62787.000000
181665.000000
16410.000000
122756.000000
33659.000000
128808.000000
127354.000000
186425.000000
151204.000000
168480.000000
45578.000000
98857.000000
165532.000000
159690.000000
208111.000000
129681.000000
176778.000000
216873.000000
174297.000000
147202.000000
154772.000000
28387.000000
156061.000000
166431.000000
131700.000000
157668.000000
125703.000000
37828.000000
133729.000000
158195.000000
11747.000000
152678.000000
144200.000000
163270.000000
16738.000000
177761.000000
145157.000000
163607.000000
163619.000000
171535.000000
25595.000000
70994.000000
102529.000000
160290.000000
78341.000000
7203.000000
180627.000000
137468.000000
59893.000000
44080.000000
10530.000000
6210.000000
5804.000000
206352.000000
141796.000000
91810.000000
83935.000000
53949.000000
188760.000000
144176.000000
101741.000000
172216.000000
162983.000000
130439.000000
170600.000000
157397.000000
72439.000000
27991.000000
8035.000000
81287.000000
103440.000000
11579.000000
51040.000000
167132.000000
115738.000000
115927.000000
27441.000000
34058.000000
94805.000000
46431.000000
16833.000000
37217.000000
181919.000000
97896.000000
95667.000000
25928.000000
5047.000000
10218.000000
11225.000000
11633.000000
22209.000000
24197.000000
183312.000000
184968.000000
35540.000000
198594.000000
112042.000000
26332.000000
148157.000000
27029.000000
94910.000000
29414.000000
40878.000000
188717.000000
184877.000000
11747.000000
145025.000000
190987.000000
184331.000000
58196.000000
149633.000000
160112.000000
28877.000000
12811.000000
137839.000000
9853.000000
39118.000000
92235.000000
177090.000000
175616.000000
26229.000000
27155.000000
13521.000000
26638.000000
47176.000000
189746.000000
32069.000000
16115.000000
157413.000000
79483.000000
50109.000000
7714.000000
28231.000000
201663.000000
50575.000000
175616.000000
26266.000000
38841.000000
27123.000000
118086.000000
160921.000000
127918.000000
112526.000000
94701.000000
174376.000000
170492.000000
145023.000000
11311.000000
117055.000000
28611.000000
170582.000000
84225.000000
190112.000000
16781.000000
93046.000000
27121.000000
161405.000000
102996.000000
68943.000000
31686.000000
28523.000000
2347.000000
128978.000000
156464.000000
136138.000000
169119.000000
