0.000000
0.000000
0.000000
0.000000
0.000000
0.000000
0.000000
0.000000
0.000000
0.000000
0.000000
0.000000
0.000000
0.000000
0.000000
0.000000
0.000000
0.000000
0.000000
0.000000
0.000000
0.000000
0.000000
0.000000
0.000000
0.000000
0.000000
0.000000
0.000000
0.000000
0.000000
0.000000
0.000000
705004.000000
155147.000000
132718.000000
152199.000000
140497.000000
143124.000000
136924.000000
137603.000000
146748.000000
146947.000000
32684.000000
69388.000000
6678.000000
132638.000000
151821.000000
54127.000000
111437.000000
22551.000000
93773.000000
155057.000000
136924.000000
56856.000000
137258.000000
58073.000000
91514.000000
59684.000000
49090.000000
60997.000000
98629.000000
114701.000000
135325.000000
98771.000000
81135.000000
91026.000000
34305.000000
127679.000000
63699.000000
17115.000000
115387.000000
54485.000000
133845.000000
40307.000000
64790.000000
64858.000000
69367.000000
146961.000000
98989.000000
101838.000000
113486.000000
139126.000000
11918.000000
21949.000000
5996.000000
55913.000000
110368.000000
107735.000000
11065.000000
5563.000000
4293.000000
27308.000000
8088.000000
71452.000000
99096.000000
111116.000000
133602.000000
4874.000000
4353.000000
5926.000000
11198.000000
134778.000000
5300.000000
5301.000000
54287.000000
17271.000000
128891.000000
160867.000000
81583.000000
90528.000000
29057.000000
18013.000000
156787.000000
69960.000000
161680.000000
1418.000000
160754.000000
129321.000000
97254.000000
138187.000000
50614.000000
108495.000000
73833.000000
54975.000000
55343.000000
103153.000000
5168.000000
114006.000000
142794.000000
130781.000000
50118.000000
145421.000000
122334.000000
39466.000000
59684.000000
142077.000000
133870.000000
135145.000000
10833.000000
9719.000000
4579.000000
119644.000000
56772.000000
112311.000000
108655.000000
137945.000000
140945.000000
42231.000000
134666.000000
115163.000000
113428.000000
19960.000000
142007.000000
134585.000000
134277.000000
158886.000000
111169.000000
106434.000000
98223.000000
68582.000000
30417.000000
28281.000000
14787.000000
133925.000000
74372.000000
124021.000000
44870.000000
11163.000000
140287.000000
144232.000000
113478.000000
105244.000000
148378.000000
46558.000000
132144.000000
54168.000000
163062.000000
142150.000000
29053.000000
114858.000000
141265.000000
131189.000000
80288.000000
92166.000000
69570.000000
19106.000000
34547.000000
43485.000000
108173.000000
5864.000000
6359.000000
6008.000000
22736.000000
11217.000000
9590.000000
8865.000000
18463.000000
52991.000000
18216.000000
50872.000000
73467.000000
9891.000000
9099.000000
111553.000000
4592.000000
112224.000000
132526.000000
101185.000000
69245.000000
6825.000000
148881.000000
21397.000000
59419.000000
38532.000000
526886.000000
146923.000000
98572.000000
134857.000000
158561.000000
184301.000000
33554.000000
31971.000000
165865.000000
5274.000000
35672.000000
9426.000000
15967.000000
14819.000000
5561.000000
4248.000000
6963.000000
7425.000000
115599.000000
92410.000000
10069.000000
4898.000000
6273.000000
27480.000000
15132.000000
92313.000000
5875.000000
4188.000000
10719.000000
20537.000000
118406.000000
98262.000000
151380.000000
124811.000000
105824.000000
163021.000000
42105.000000
13883.000000
7928.000000
156658.000000
134462.000000
46406.000000
104328.000000
152814.000000
30946.000000
31031.000000
26100.000000
138840.000000
10955.000000
93020.000000
39763.000000
123727.000000
123078.000000
140235.000000
148407.000000
42647.000000
106481.000000
108328.000000
30632.000000
31933.000000
28330.000000
4596.000000
6363.000000
8379.000000
8418.000000
10854.000000
113722.000000
131361.000000
34319.000000
143897.000000
16026.000000
105373.000000
28253.000000
129526.000000
121800.000000
145757.000000
90951.000000
165572.000000
44683.000000
97615.000000
163284.000000
130640.000000
138390.000000
113695.000000
135770.000000
182134.000000
169341.000000
120937.000000
154237.000000
23288.000000
116170.000000
152531.000000
102283.000000
126947.000000
113781.000000
32026.000000
100251.000000
145201.000000
12606.000000
120710.000000
124905.000000
133686.000000
17172.000000
138516.000000
147545.000000
131931.000000
157898.000000
145108.000000
67723.000000
62907.000000
100366.000000
117854.000000
68521.000000
8211.000000
152191.000000
110297.000000
61739.000000
30930.000000
10295.000000
5491.000000
5436.000000
152858.000000
114631.000000
89151.000000
74268.000000
66654.000000
154849.000000
142253.000000
76109.000000
141065.000000
141326.000000
99874.000000
127343.000000
144279.000000
68841.000000
23923.000000
10309.000000
60271.000000
91359.000000
12623.000000
44011.000000
123492.000000
87120.000000
97254.000000
27283.000000
34277.000000
54082.000000
47802.000000
14165.000000
29079.000000
134369.000000
100413.000000
89758.000000
26198.000000
4596.000000
8379.000000
8418.000000
10854.000000
16480.000000
31979.000000
141899.000000
149522.000000
37791.000000
160947.000000
103337.000000
21818.000000
122570.000000
26726.000000
85140.000000
30924.000000
41528.000000
144141.000000
149992.000000
12606.000000
112162.000000
157203.000000
138717.000000
59094.000000
112764.000000
139081.000000
27308.000000
9837.000000
122775.000000
8356.000000
42822.000000
87253.000000
116769.000000
168492.000000
27696.000000
24820.000000
12336.000000
29342.000000
39345.000000
143646.000000
18650.000000
9735.000000
100696.000000
65429.000000
48111.000000
4757.000000
43504.000000
144195.000000
31116.000000
168492.000000
28132.000000
42362.000000
24936.000000
98602.000000
125319.000000
87349.000000
74448.000000
78127.000000
123762.000000
153264.000000
147035.000000
11481.000000
120456.000000
32694.000000
136448.000000
79770.000000
149649.000000
14790.000000
53470.000000
40307.000000
124349.000000
107532.000000
71642.000000
21402.000000
24726.000000
3393.000000
120986.000000
124757.000000
87243.000000
145385.000000
