0.000000
0.000000
0.000000
0.000000
0.000000
0.000000
0.000000
0.000000
0.000000
0.000000
0.000000
0.000000
0.000000
0.000000
0.000000
0.000000
0.000000
0.000000
0.000000
0.000000
0.000000
0.000000
0.000000
0.000000
0.000000
0.000000
0.000000
0.000000
0.000000
0.000000
0.000000
0.000000
0.000000
0.000000
10148842.000000
360782.000000
3701989.000000
361879.000000
193667.000000
389399.000000
328929.000000
3844588.000000
450536.000000
38256.000000
69017.000000
11776.000000
288242.000000
930927.000000
63449.000000
283385.000000
18959.000000
100174.000000
785776.000000
399239.000000
79750.000000
995866.000000
64087.000000
147125.000000
62084.000000
62803.000000
82335.000000
89615.000000
233820.000000
418594.000000
115818.000000
75073.000000
249073.000000
39494.000000
384276.000000
79605.000000
18013.000000
123585.000000
68172.000000
174443.000000
35609.000000
68258.000000
85611.000000
236472.000000
230878.000000
88368.000000
130870.000000
520543.000000
2005037.000000
9709.000000
18786.000000
5614.000000
53999.000000
300111.000000
94885.000000
8083.000000
5072.000000
4784.000000
36484.000000
11348.000000
64777.000000
118953.000000
116985.000000
151213.000000
7962.000000
5543.000000
5273.000000
10720.000000
193745.000000
5660.000000
4422.000000
52218.000000
19398.000000
198291.000000
741945.000000
103787.000000
109872.000000
56143.000000
28661.000000
399599.000000
75389.000000
419790.000000
1901.000000
1436286.000000
176623.000000
125045.000000
203659.000000
73226.000000
108542.000000
66754.000000
51232.000000
47267.000000
180397.000000
10508.000000
304923.000000
195454.000000
399593.000000
55353.000000
902608.000000
198728.000000
49901.000000
62084.000000
723807.000000
1645662.000000
226429.000000
10106.000000
8249.000000
3810.000000
108630.000000
58912.000000
184406.000000
146929.000000
212869.000000
218704.000000
46427.000000
204480.000000
136276.000000
229833.000000
40487.000000
1113237.000000
605930.000000
299489.000000
1074172.000000
280930.000000
108255.000000
138474.000000
103494.000000
45884.000000
20598.000000
16878.000000
288916.000000
108275.000000
419044.000000
68940.000000
9960.000000
648606.000000
267856.000000
289884.000000
123311.000000
328520.000000
58373.000000
184623.000000
61237.000000
1260012.000000
269254.000000
29510.000000
288716.000000
765545.000000
183943.000000
87226.000000
166988.000000
64246.000000
23382.000000
41204.000000
51811.000000
117951.000000
7082.000000
5057.000000
6935.000000
27612.000000
12117.000000
10554.000000
10228.000000
16671.000000
43390.000000
19225.000000
42209.000000
61681.000000
8783.000000
16786.000000
126698.000000
3991.000000
149121.000000
206704.000000
287819.000000
85782.000000
7611.000000
1813586.000000
21981.000000
77181.000000
52715.000000
154819.000000
390434.000000
117720.000000
216093.000000
1716175.000000
1831673.000000
42724.000000
39255.000000
433606.000000
4728.000000
51171.000000
10432.000000
20267.000000
21300.000000
5338.000000
4961.000000
7853.000000
6824.000000
109249.000000
91453.000000
8094.000000
4431.000000
4240.000000
27166.000000
13923.000000
100959.000000
10092.000000
4845.000000
9498.000000
19364.000000
192254.000000
94335.000000
1529490.000000
192747.000000
140499.000000
346743.000000
33760.000000
15183.000000
6599.000000
395987.000000
190267.000000
36393.000000
102854.000000
772454.000000
36943.000000
31059.000000
24909.000000
199189.000000
15430.000000
109971.000000
44516.000000
181042.000000
182769.000000
183371.000000
155951.000000
55458.000000
129130.000000
134936.000000
27172.000000
35373.000000
38377.000000
6248.000000
6786.000000
6177.000000
9949.000000
11640.000000
136828.000000
450346.000000
65493.000000
394147.000000
15530.000000
151227.000000
31398.000000
163256.000000
169902.000000
1022045.000000
181253.000000
224194.000000
46709.000000
95603.000000
361434.000000
218834.000000
814240.000000
125921.000000
396419.000000
1262302.000000
333870.000000
201948.000000
332137.000000
24936.000000
220494.000000
415853.000000
115314.000000
279723.000000
118400.000000
26739.000000
125662.000000
190286.000000
11184.000000
208085.000000
158368.000000
320764.000000
22014.000000
182430.000000
271625.000000
491829.000000
215161.000000
240387.000000
93309.000000
85705.000000
147281.000000
528438.000000
100436.000000
7796.000000
1699643.000000
182860.000000
70861.000000
44894.000000
9287.000000
5765.000000
7105.000000
434807.000000
141812.000000
103097.000000
75162.000000
68712.000000
734349.000000
254806.000000
90779.000000
1736957.000000
528070.000000
110789.000000
193481.000000
392648.000000
78665.000000
25625.000000
9286.000000
70128.000000
112655.000000
19143.000000
67897.000000
533218.000000
99031.000000
125045.000000
28760.000000
36793.000000
82353.000000
41995.000000
15338.000000
35961.000000
264341.000000
140693.000000
101445.000000
22616.000000
6248.000000
6177.000000
9949.000000
11640.000000
15781.000000
28877.000000
1085223.000000
520478.000000
33584.000000
1085054.000000
150629.000000
21026.000000
333672.000000
28281.000000
95551.000000
41008.000000
37634.000000
1427629.000000
399722.000000
11184.000000
487754.000000
363865.000000
1355966.000000
79109.000000
301948.000000
335003.000000
36484.000000
15413.000000
136101.000000
7893.000000
35719.000000
90533.000000
327148.000000
784698.000000
26509.000000
32212.000000
12271.000000
25857.000000
42752.000000
521897.000000
26956.000000
13407.000000
347241.000000
84843.000000
50975.000000
7144.000000
36792.000000
1827045.000000
47639.000000
784698.000000
27990.000000
35915.000000
32286.000000
103753.000000
421157.000000
88797.000000
91957.000000
116907.000000
328336.000000
519915.000000
166468.000000
11317.000000
134924.000000
35191.000000
390989.000000
83257.000000
285455.000000
15374.000000
86484.000000
35609.000000
187904.000000
116440.000000
68777.000000
32898.000000
21281.000000
2770.000000
165303.000000
226120.000000
141137.000000
364469.000000
