0.000000
0.000000
0.000000
0.000000
0.000000
0.000000
0.000000
0.000000
0.000000
0.000000
0.000000
0.000000
0.000000
0.000000
0.000000
0.000000
0.000000
0.000000
0.000000
0.000000
0.000000
0.000000
0.000000
0.000000
0.000000
0.000000
0.000000
0.000000
0.000000
0.000000
0.000000
0.000000
0.000000
0.000000
0.000000
1944048.000000
311356.000000
1549083.000000
184994.000000
1479989.000000
1582908.000000
352461.000000
289704.000000
31902.000000
85631.000000
12209.000000
227890.000000
430372.000000
75048.000000
276898.000000
17536.000000
122736.000000
397481.000000
1479135.000000
73668.000000
436383.000000
82189.000000
160035.000000
64172.000000
56867.000000
67096.000000
99928.000000
219183.000000
402179.000000
111860.000000
92044.000000
165677.000000
53697.000000
298217.000000
80651.000000
22309.000000
154732.000000
58133.000000
208833.000000
39950.000000
73747.000000
93464.000000
138015.000000
253776.000000
110526.000000
135378.000000
345458.000000
379318.000000
12896.000000
21208.000000
4987.000000
55668.000000
253551.000000
129085.000000
12519.000000
6441.000000
4560.000000
31479.000000
11698.000000
71877.000000
148693.000000
122695.000000
161685.000000
8286.000000
6195.000000
6312.000000
12554.000000
202862.000000
5806.000000
5108.000000
60140.000000
22125.000000
207897.000000
423937.000000
80332.000000
123432.000000
40545.000000
19576.000000
246439.000000
100629.000000
388681.000000
2408.000000
438145.000000
180351.000000
119763.000000
234677.000000
71911.000000
137246.000000
82433.000000
58328.000000
59822.000000
177653.000000
5708.000000
210581.000000
219681.000000
295933.000000
54677.000000
390851.000000
179819.000000
41437.000000
64172.000000
404347.000000
300233.000000
201682.000000
11869.000000
8356.000000
5713.000000
128452.000000
76532.000000
194213.000000
124308.000000
167102.000000
201069.000000
58690.000000
233676.000000
134358.000000
259146.000000
30262.000000
349739.000000
375331.000000
254616.000000
395681.000000
175081.000000
105634.000000
130624.000000
95453.000000
39457.000000
37083.000000
21477.000000
294965.000000
98335.000000
307925.000000
46425.000000
10547.000000
338499.000000
261211.000000
278830.000000
99133.000000
290697.000000
46776.000000
232870.000000
43381.000000
357404.000000
203192.000000
32470.000000
269151.000000
388614.000000
233110.000000
86514.000000
238968.000000
99805.000000
22708.000000
35229.000000
54250.000000
116935.000000
5941.000000
5721.000000
7343.000000
31837.000000
11342.000000
11853.000000
10169.000000
21202.000000
42478.000000
22813.000000
51324.000000
72093.000000
10997.000000
15577.000000
172639.000000
4260.000000
183445.000000
218245.000000
270033.000000
80294.000000
6959.000000
424396.000000
19598.000000
59382.000000
39960.000000
159904.000000
333549.000000
121231.000000
225140.000000
448574.000000
444661.000000
49594.000000
32324.000000
381768.000000
5546.000000
42470.000000
9453.000000
20365.000000
20231.000000
8549.000000
3970.000000
6632.000000
6659.000000
137382.000000
130465.000000
8762.000000
5160.000000
4563.000000
34585.000000
13589.000000
112213.000000
11045.000000
3900.000000
12885.000000
27035.000000
179565.000000
96750.000000
384230.000000
217706.000000
142799.000000
305713.000000
47829.000000
11682.000000
7967.000000
341150.000000
168428.000000
40857.000000
97175.000000
398480.000000
38777.000000
35998.000000
25976.000000
201190.000000
13929.000000
119232.000000
54518.000000
181715.000000
234584.000000
195063.000000
135757.000000
60998.000000
160045.000000
146768.000000
32929.000000
47193.000000
26398.000000
4545.000000
6223.000000
9633.000000
10658.000000
9762.000000
131052.000000
365074.000000
52884.000000
351540.000000
24614.000000
118675.000000
38267.000000
172872.000000
187031.000000
340072.000000
171901.000000
263052.000000
54030.000000
107962.000000
336454.000000
213008.000000
395578.000000
142278.000000
294379.000000
407978.000000
327711.000000
165504.000000
270725.000000
23614.000000
154717.000000
367045.000000
119947.000000
284482.000000
110361.000000
34251.000000
125882.000000
168891.000000
15457.000000
222836.000000
201705.000000
180123.000000
23654.000000
193627.000000
327324.000000
284939.000000
216308.000000
246098.000000
55404.000000
61689.000000
113813.000000
377136.000000
92221.000000
5640.000000
457197.000000
152398.000000
82526.000000
35120.000000
10791.000000
4372.000000
6376.000000
421318.000000
163800.000000
114287.000000
81960.000000
53879.000000
395974.000000
287871.000000
83030.000000
389131.000000
403613.000000
151957.000000
199047.000000
229180.000000
78057.000000
22836.000000
10891.000000
82084.000000
134482.000000
14096.000000
59570.000000
322059.000000
121487.000000
119763.000000
32015.000000
39516.000000
106049.000000
40030.000000
14433.000000
29716.000000
308664.000000
116893.000000
105998.000000
26345.000000
4545.000000
9633.000000
10658.000000
9762.000000
16458.000000
25626.000000
430849.000000
280355.000000
42124.000000
441179.000000
154960.000000
21865.000000
201756.000000
25317.000000
99986.000000
35199.000000
49958.000000
425084.000000
367893.000000
15457.000000
278837.000000
391122.000000
413390.000000
71232.000000
269927.000000
288733.000000
31479.000000
12384.000000
158763.000000
9103.000000
34406.000000
91008.000000
287556.000000
440700.000000
34246.000000
20783.000000
12897.000000
26187.000000
52376.000000
340939.000000
25937.000000
14602.000000
242057.000000
119210.000000
63901.000000
7061.000000
41616.000000
409209.000000
51174.000000
440700.000000
33974.000000
36766.000000
20783.000000
142779.000000
305574.000000
102189.000000
87979.000000
105612.000000
244614.000000
377937.000000
144710.000000
9930.000000
138116.000000
30801.000000
322652.000000
73342.000000
299239.000000
14433.000000
104593.000000
39950.000000
187892.000000
127487.000000
64999.000000
28992.000000
29337.000000
2250.000000
205155.000000
266819.000000
111294.000000
378864.000000
