0.000000
0.000000
0.000000
0.000000
0.000000
0.000000
0.000000
0.000000
0.000000
0.000000
0.000000
0.000000
0.000000
0.000000
0.000000
0.000000
0.000000
0.000000
0.000000
0.000000
0.000000
0.000000
0.000000
0.000000
0.000000
0.000000
0.000000
0.000000
0.000000
0.000000
0.000000
0.000000
0.000000
0.000000
0.000000
0.000000
7642444.000000
335708.000000
157226.000000
313681.000000
296224.000000
2952758.000000
462455.000000
38131.000000
80004.000000
9551.000000
284218.000000
966491.000000
54088.000000
242923.000000
21161.000000
92465.000000
693121.000000
322612.000000
98817.000000
939984.000000
67505.000000
121259.000000
61712.000000
53488.000000
94278.000000
77888.000000
201415.000000
387974.000000
113076.000000
59695.000000
196266.000000
37350.000000
349469.000000
81717.000000
18706.000000
142750.000000
52689.000000
161722.000000
39691.000000
68313.000000
85633.000000
241722.000000
238694.000000
102063.000000
127614.000000
512533.000000
1305446.000000
13098.000000
17870.000000
4936.000000
50020.000000
334051.000000
94498.000000
9685.000000
6461.000000
3661.000000
32961.000000
9690.000000
61973.000000
132519.000000
130676.000000
136829.000000
6476.000000
3551.000000
4131.000000
9816.000000
208982.000000
4895.000000
4911.000000
67766.000000
17407.000000
167716.000000
816285.000000
95939.000000
113010.000000
47878.000000
25191.000000
339277.000000
62671.000000
337742.000000
2170.000000
1253426.000000
205836.000000
127107.000000
196637.000000
79118.000000
104414.000000
65402.000000
49369.000000
43934.000000
174674.000000
9607.000000
262790.000000
229657.000000
409468.000000
52325.000000
810676.000000
167698.000000
42107.000000
61712.000000
589905.000000
1224210.000000
227497.000000
10846.000000
8931.000000
4571.000000
120642.000000
56564.000000
163130.000000
148385.000000
187234.000000
223384.000000
56224.000000
196556.000000
119281.000000
260761.000000
39727.000000
1050694.000000
541479.000000
298525.000000
978307.000000
282498.000000
115731.000000
144753.000000
100439.000000
37214.000000
21694.000000
14225.000000
262391.000000
105909.000000
367840.000000
70680.000000
10706.000000
598011.000000
284855.000000
249957.000000
121614.000000
320116.000000
58967.000000
206907.000000
52310.000000
1127584.000000
262361.000000
23516.000000
298321.000000
831136.000000
205407.000000
75876.000000
185517.000000
74157.000000
27378.000000
34798.000000
41676.000000
134406.000000
5808.000000
7451.000000
6840.000000
33062.000000
8342.000000
12278.000000
9912.000000
20330.000000
47720.000000
20452.000000
48562.000000
68246.000000
7971.000000
16013.000000
120498.000000
3579.000000
158212.000000
175438.000000
315695.000000
86543.000000
3906.000000
1186616.000000
23406.000000
65542.000000
50542.000000
141270.000000
405667.000000
112776.000000
222233.000000
1176939.000000
1230442.000000
37851.000000
31221.000000
416747.000000
3871.000000
44934.000000
11591.000000
17641.000000
21208.000000
3904.000000
2842.000000
6818.000000
5197.000000
110043.000000
82549.000000
7275.000000
5810.000000
4337.000000
24150.000000
14513.000000
107426.000000
7514.000000
6105.000000
8374.000000
18466.000000
172566.000000
121303.000000
1093371.000000
209107.000000
119230.000000
304396.000000
40231.000000
11943.000000
6342.000000
379220.000000
185503.000000
42416.000000
108987.000000
697556.000000
35589.000000
33537.000000
26198.000000
170481.000000
13040.000000
113335.000000
41011.000000
177749.000000
186118.000000
169212.000000
142555.000000
53896.000000
121059.000000
125427.000000
28733.000000
30447.000000
30122.000000
5258.000000
6055.000000
8759.000000
9736.000000
10507.000000
133077.000000
444752.000000
57963.000000
364173.000000
15942.000000
126877.000000
35804.000000
137761.000000
163047.000000
842743.000000
164249.000000
235436.000000
44621.000000
98682.000000
344069.000000
215541.000000
637213.000000
127258.000000
359739.000000
1052660.000000
322778.000000
166701.000000
305788.000000
22328.000000
175674.000000
416135.000000
107484.000000
259891.000000
111728.000000
27950.000000
128869.000000
178199.000000
8682.000000
203761.000000
151505.000000
280762.000000
19274.000000
141618.000000
312341.000000
475704.000000
186814.000000
214271.000000
79539.000000
77512.000000
134121.000000
493958.000000
80158.000000
7985.000000
1242323.000000
174048.000000
70186.000000
46688.000000
8815.000000
3966.000000
6074.000000
519721.000000
128044.000000
110918.000000
69743.000000
71501.000000
728136.000000
278544.000000
72971.000000
1172917.000000
589139.000000
130587.000000
188979.000000
384928.000000
75534.000000
21804.000000
9918.000000
68322.000000
117515.000000
23382.000000
72732.000000
450420.000000
107137.000000
127107.000000
28526.000000
28326.000000
97563.000000
41805.000000
16556.000000
35129.000000
274085.000000
113639.000000
117291.000000
24720.000000
5258.000000
8759.000000
9736.000000
10507.000000
14609.000000
23156.000000
1018363.000000
476968.000000
35542.000000
1045182.000000
154675.000000
21348.000000
336390.000000
26242.000000
91847.000000
30580.000000
33366.000000
1041960.000000
394834.000000
8682.000000
450238.000000
360273.000000
1148602.000000
68228.000000
265523.000000
315677.000000
32961.000000
9668.000000
148733.000000
7583.000000
37595.000000
86152.000000
304233.000000
868081.000000
27461.000000
23149.000000
10020.000000
20668.000000
42074.000000
488171.000000
20297.000000
13297.000000
365626.000000
79102.000000
48182.000000
7799.000000
31516.000000
1184395.000000
51650.000000
868081.000000
25303.000000
37524.000000
23221.000000
125472.000000
399499.000000
99065.000000
123018.000000
119406.000000
316303.000000
556225.000000
163409.000000
8055.000000
123458.000000
29744.000000
361779.000000
68729.000000
280412.000000
16288.000000
95673.000000
39691.000000
162404.000000
111271.000000
62840.000000
35152.000000
27178.000000
2290.000000
172095.000000
261038.000000
148636.000000
332138.000000
