0.000000
0.000000
0.000000
0.000000
0.000000
0.000000
0.000000
0.000000
0.000000
0.000000
0.000000
0.000000
0.000000
0.000000
0.000000
0.000000
0.000000
0.000000
0.000000
0.000000
0.000000
0.000000
0.000000
0.000000
0.000000
0.000000
0.000000
0.000000
0.000000
0.000000
0.000000
0.000000
0.000000
0.000000
0.000000
0.000000
0.000000
1950705.000000
188053.000000
1519221.000000
1630540.000000
356749.000000
279689.000000
33602.000000
114048.000000
11930.000000
246934.000000
414580.000000
60358.000000
284576.000000
18626.000000
132660.000000
361484.000000
1515867.000000
65790.000000
440172.000000
64140.000000
151048.000000
57880.000000
54614.000000
81352.000000
103889.000000
203912.000000
385755.000000
105398.000000
86208.000000
198768.000000
52457.000000
287204.000000
84538.000000
23431.000000
146376.000000
60519.000000
200018.000000
36876.000000
73123.000000
75742.000000
148233.000000
264174.000000
119617.000000
121626.000000
371985.000000
372752.000000
10498.000000
25433.000000
4874.000000
47189.000000
253642.000000
115205.000000
11148.000000
8849.000000
4048.000000
36696.000000
8906.000000
71680.000000
149393.000000
132783.000000
155385.000000
7577.000000
4693.000000
4547.000000
12380.000000
211732.000000
6253.000000
5162.000000
60222.000000
22530.000000
212204.000000
415476.000000
80600.000000
146553.000000
36799.000000
16320.000000
253316.000000
81582.000000
342100.000000
2388.000000
415576.000000
187378.000000
113993.000000
204493.000000
64767.000000
123753.000000
83777.000000
65140.000000
74606.000000
175055.000000
6020.000000
207415.000000
220481.000000
312890.000000
56704.000000
389628.000000
181735.000000
38344.000000
57880.000000
374380.000000
351532.000000
235456.000000
11449.000000
9933.000000
5153.000000
132479.000000
73450.000000
181370.000000
131671.000000
169760.000000
169031.000000
64042.000000
202462.000000
130424.000000
241864.000000
27700.000000
313383.000000
325571.000000
261991.000000
369044.000000
153142.000000
106319.000000
131116.000000
82414.000000
38099.000000
33621.000000
19852.000000
270834.000000
107308.000000
325167.000000
48793.000000
11080.000000
325869.000000
277488.000000
284487.000000
98472.000000
311276.000000
49239.000000
218210.000000
46512.000000
348020.000000
213567.000000
32693.000000
252191.000000
355458.000000
231044.000000
91588.000000
230001.000000
79900.000000
22559.000000
35334.000000
52403.000000
128594.000000
5612.000000
5143.000000
7881.000000
32595.000000
11306.000000
12381.000000
11339.000000
22044.000000
42472.000000
22696.000000
52453.000000
75004.000000
8476.000000
11720.000000
186888.000000
3594.000000
192885.000000
228681.000000
245453.000000
76803.000000
6984.000000
376656.000000
18997.000000
59005.000000
38735.000000
152631.000000
369303.000000
102157.000000
237861.000000
389730.000000
393963.000000
43730.000000
35590.000000
389222.000000
6528.000000
43186.000000
9763.000000
22208.000000
19495.000000
6723.000000
3854.000000
7355.000000
7696.000000
132462.000000
124618.000000
8952.000000
6671.000000
5039.000000
28865.000000
12974.000000
117649.000000
7277.000000
3505.000000
10670.000000
22964.000000
184121.000000
95750.000000
382122.000000
207945.000000
152193.000000
302183.000000
43488.000000
13301.000000
8087.000000
365309.000000
161381.000000
44398.000000
102257.000000
402500.000000
36699.000000
34611.000000
24744.000000
209028.000000
14415.000000
118841.000000
45628.000000
168269.000000
225220.000000
188555.000000
131668.000000
59566.000000
156540.000000
138989.000000
33522.000000
44128.000000
34144.000000
6175.000000
4704.000000
7664.000000
9445.000000
10917.000000
134855.000000
391869.000000
49159.000000
335329.000000
19537.000000
123353.000000
36948.000000
171441.000000
172435.000000
383995.000000
170892.000000
242979.000000
45244.000000
108284.000000
342350.000000
218984.000000
380039.000000
154768.000000
281002.000000
389377.000000
315664.000000
170620.000000
273644.000000
20308.000000
154525.000000
346706.000000
114779.000000
295661.000000
105207.000000
32618.000000
146020.000000
167591.000000
10218.000000
246101.000000
186419.000000
227223.000000
20580.000000
201012.000000
288705.000000
285321.000000
233339.000000
251483.000000
40585.000000
44161.000000
117554.000000
383928.000000
82570.000000
5209.000000
467740.000000
153199.000000
71677.000000
35726.000000
10214.000000
5162.000000
6531.000000
367533.000000
165599.000000
117417.000000
81805.000000
52241.000000
374014.000000
273143.000000
96629.000000
328700.000000
374774.000000
146897.000000
193844.000000
246586.000000
65624.000000
23001.000000
10349.000000
90827.000000
118477.000000
11774.000000
56765.000000
346992.000000
129592.000000
113993.000000
35880.000000
39544.000000
98355.000000
47876.000000
14761.000000
29806.000000
293724.000000
130833.000000
104308.000000
28096.000000
6175.000000
7664.000000
9445.000000
10917.000000
14856.000000
27427.000000
414304.000000
316959.000000
45511.000000
410705.000000
133692.000000
22116.000000
219315.000000
28452.000000
119834.000000
34498.000000
45723.000000
449463.000000
354793.000000
10218.000000
249122.000000
392437.000000
459212.000000
89175.000000
279317.000000
285011.000000
36696.000000
12625.000000
170353.000000
9501.000000
42617.000000
106302.000000
317083.000000
422063.000000
31584.000000
25393.000000
14320.000000
29069.000000
45198.000000
357973.000000
21840.000000
14113.000000
216854.000000
88602.000000
57833.000000
5728.000000
36793.000000
471104.000000
52332.000000
422063.000000
28326.000000
44980.000000
25393.000000
136766.000000
299283.000000
104760.000000
100551.000000
94836.000000
304835.000000
349811.000000
148460.000000
9411.000000
147530.000000
33027.000000
299605.000000
83617.000000
281215.000000
14827.000000
99838.000000
36876.000000
195998.000000
118874.000000
60953.000000
21332.000000
27143.000000
2866.000000
208853.000000
244946.000000
115556.000000
368154.000000
