0.000000
0.000000
0.000000
0.000000
0.000000
0.000000
0.000000
0.000000
0.000000
0.000000
0.000000
0.000000
0.000000
0.000000
0.000000
0.000000
0.000000
0.000000
0.000000
0.000000
0.000000
0.000000
0.000000
0.000000
0.000000
0.000000
0.000000
0.000000
0.000000
0.000000
0.000000
0.000000
0.000000
0.000000
0.000000
0.000000
0.000000
0.000000
847475.000000
189844.000000
205336.000000
163063.000000
154189.000000
26308.000000
102213.000000
8763.000000
158901.000000
180960.000000
57425.000000
164039.000000
18056.000000
105670.000000
186610.000000
189844.000000
76473.000000
212206.000000
64745.000000
130913.000000
58811.000000
50473.000000
82390.000000
102991.000000
179822.000000
173982.000000
87843.000000
107099.000000
101309.000000
51507.000000
167126.000000
83630.000000
17827.000000
124943.000000
64229.000000
616415.000000
38398.000000
80849.000000
89689.000000
85058.000000
171328.000000
103075.000000
121253.000000
178419.000000
185224.000000
11976.000000
21112.000000
7452.000000
69361.000000
158325.000000
113095.000000
9353.000000
5152.000000
5286.000000
30053.000000
7974.000000
76446.000000
104828.000000
120429.000000
138212.000000
5132.000000
4745.000000
4815.000000
15171.000000
159816.000000
5643.000000
5405.000000
57424.000000
17854.000000
153863.000000
191446.000000
84229.000000
102337.000000
39201.000000
14107.000000
158234.000000
74056.000000
193001.000000
1858.000000
176572.000000
143490.000000
104198.000000
160215.000000
67164.000000
105308.000000
73027.000000
58665.000000
54274.000000
137101.000000
7371.000000
118133.000000
169733.000000
172967.000000
62983.000000
172625.000000
140448.000000
37617.000000
58811.000000
175224.000000
177905.000000
179916.000000
13290.000000
9450.000000
3647.000000
120828.000000
50356.000000
143243.000000
119450.000000
133335.000000
138907.000000
59071.000000
158328.000000
130644.000000
160681.000000
26105.000000
177573.000000
163415.000000
163738.000000
201149.000000
110144.000000
108974.000000
119252.000000
81036.000000
35686.000000
20517.000000
14896.000000
180519.000000
86625.000000
170821.000000
52213.000000
11417.000000
174224.000000
155630.000000
165292.000000
87379.000000
173442.000000
56250.000000
208449.000000
44447.000000
183947.000000
162038.000000
33902.000000
141659.000000
172658.000000
209494.000000
90705.000000
160141.000000
82103.000000
21414.000000
31452.000000
37792.000000
129531.000000
6490.000000
5370.000000
6236.000000
40071.000000
13990.000000
13157.000000
10242.000000
17548.000000
48788.000000
15602.000000
39349.000000
68970.000000
9168.000000
14864.000000
129647.000000
3771.000000
162245.000000
146850.000000
144922.000000
86785.000000
6343.000000
176356.000000
21403.000000
47492.000000
46718.000000
136373.000000
182351.000000
130336.000000
165347.000000
179659.000000
187916.000000
44772.000000
34867.000000
189293.000000
4611.000000
34259.000000
10159.000000
21199.000000
19459.000000
6728.000000
4723.000000
7944.000000
6421.000000
111616.000000
98188.000000
8724.000000
4744.000000
5827.000000
31182.000000
11102.000000
94433.000000
7120.000000
4493.000000
12695.000000
25432.000000
150089.000000
131299.000000
203830.000000
152873.000000
127809.000000
189457.000000
42733.000000
11063.000000
7893.000000
154291.000000
144226.000000
40242.000000
97962.000000
177809.000000
49773.000000
29054.000000
31992.000000
152193.000000
10334.000000
102781.000000
44387.000000
139052.000000
145789.000000
143375.000000
110200.000000
46555.000000
116674.000000
108402.000000
30114.000000
52430.000000
29415.000000
5407.000000
5788.000000
7094.000000
7331.000000
10512.000000
123614.000000
195573.000000
58962.000000
172998.000000
19380.000000
123082.000000
35820.000000
137337.000000
126988.000000
178911.000000
150777.000000
160615.000000
42358.000000
108601.000000
166840.000000
145254.000000
182094.000000
132207.000000
162056.000000
202651.000000
188701.000000
143853.000000
154239.000000
24939.000000
160935.000000
181629.000000
124849.000000
149626.000000
120975.000000
37421.000000
128446.000000
139293.000000
9637.000000
135438.000000
155173.000000
160829.000000
17735.000000
165054.000000
164279.000000
145164.000000
176660.000000
144728.000000
27964.000000
67451.000000
103070.000000
178729.000000
81709.000000
7239.000000
204457.000000
134272.000000
64304.000000
35906.000000
9071.000000
5003.000000
6203.000000
169255.000000
137775.000000
101119.000000
75664.000000
61168.000000
163676.000000
141870.000000
87693.000000
185399.000000
164589.000000
121668.000000
141561.000000
161999.000000
76084.000000
22311.000000
9975.000000
84761.000000
97126.000000
12167.000000
54141.000000
168285.000000
113777.000000
104198.000000
30653.000000
32667.000000
105517.000000
42556.000000
12851.000000
34149.000000
184157.000000
108620.000000
95095.000000
21816.000000
5407.000000
7094.000000
7331.000000
10512.000000
21398.000000
25291.000000
193278.000000
185964.000000
30152.000000
161955.000000
115051.000000
20664.000000
131480.000000
29452.000000
87613.000000
36954.000000
42784.000000
216874.000000
186474.000000
9637.000000
139848.000000
188023.000000
200571.000000
65363.000000
140454.000000
174069.000000
30053.000000
14817.000000
137767.000000
7757.000000
35108.000000
88451.000000
174830.000000
168728.000000
31609.000000
30060.000000
12169.000000
26122.000000
42220.000000
174103.000000
28006.000000
12155.000000
166365.000000
85306.000000
56145.000000
7525.000000
38025.000000
205828.000000
48284.000000
168728.000000
30925.000000
35153.000000
30002.000000
95220.000000
158190.000000
112375.000000
99853.000000
91046.000000
174411.000000
162465.000000
139530.000000
12912.000000
117329.000000
30249.000000
156205.000000
79469.000000
189194.000000
13052.000000
98186.000000
38398.000000
157853.000000
103836.000000
62509.000000
26093.000000
28002.000000
2597.000000
139626.000000
161564.000000
125227.000000
169837.000000
