0.000000
0.000000
0.000000
1147007.000000
28697.000000
62822.000000
43733.000000
15086.000000
4745.000000
32241.000000
22253.000000
105889.000000
222940.000000
113261.000000
72156.000000
138458.000000
152624.000000
79733.000000
10251.000000
67718.000000
14580.000000
81361.000000
4245.000000
101312.000000
63391.000000
61461.000000
176695.000000
147814.000000
14390.000000
156149.000000
26602.000000
262962.000000
137399.000000
103234.000000
270876.000000
179973.000000
271438.000000
181427.000000
123626.000000
234012.000000
190852.000000
285795.000000
140918.000000
32022.000000
50470.000000
8429.000000
139585.000000
123987.000000
54598.000000
164668.000000
14449.000000
82646.000000
251840.000000
226868.000000
74033.000000
159416.000000
64874.000000
90273.000000
45493.000000
48460.000000
75306.000000
50034.000000
124773.000000
100167.000000
78242.000000
63745.000000
156217.000000
25114.000000
187598.000000
52925.000000
9118.000000
55784.000000
49788.000000
137136.000000
59096.000000
60147.000000
59551.000000
380449.000000
173812.000000
65405.000000
86633.000000
176639.000000
182277.000000
8290.000000
15361.000000
4176.000000
39577.000000
212853.000000
81600.000000
8162.000000
8626.000000
3837.000000
40477.000000
10981.000000
42083.000000
70639.000000
82005.000000
93888.000000
6594.000000
5053.000000
5464.000000
11680.000000
126543.000000
5692.000000
4200.000000
41748.000000
16278.000000
124585.000000
188595.000000
103526.000000
92410.000000
35882.000000
18260.000000
233943.000000
48648.000000
143062.000000
1279.000000
213949.000000
124236.000000
104046.000000
139630.000000
75736.000000
73715.000000
49644.000000
35538.000000
34538.000000
88986.000000
9791.000000
209645.000000
128911.000000
162530.000000
50992.000000
159922.000000
82942.000000
44168.000000
45493.000000
176656.000000
222469.000000
117818.000000
8376.000000
6262.000000
3409.000000
89000.000000
53456.000000
108599.000000
126560.000000
235016.000000
223426.000000
42856.000000
141435.000000
89314.000000
185791.000000
58736.000000
241606.000000
118089.000000
196614.000000
160393.000000
240166.000000
87104.000000
115702.000000
76988.000000
36190.000000
16800.000000
15436.000000
171110.000000
103316.000000
231778.000000
68091.000000
10013.000000
217055.000000
138064.000000
158950.000000
89629.000000
141575.000000
78378.000000
152778.000000
62390.000000
163814.000000
197687.000000
14366.000000
147177.000000
235450.000000
153167.000000
66557.000000
147966.000000
66240.000000
23669.000000
36339.000000
36914.000000
101150.000000
5226.000000
4888.000000
4422.000000
18877.000000
4768.000000
7825.000000
6699.000000
14233.000000
42155.000000
11847.000000
34608.000000
56784.000000
5776.000000
12691.000000
121949.000000
4099.000000
103114.000000
98766.000000
198851.000000
62671.000000
6634.000000
183675.000000
11188.000000
82719.000000
43756.000000
84933.000000
136467.000000
56007.000000
96676.000000
161671.000000
172001.000000
25749.000000
28257.000000
137285.000000
3086.000000
38040.000000
6788.000000
16852.000000
9841.000000
4693.000000
3119.000000
6510.000000
6147.000000
72889.000000
62243.000000
7025.000000
4847.000000
6176.000000
21988.000000
10010.000000
82023.000000
5995.000000
4032.000000
6353.000000
17741.000000
108821.000000
47153.000000
184153.000000
114292.000000
58992.000000
158882.000000
31556.000000
11171.000000
8058.000000
154950.000000
125351.000000
40065.000000
63187.000000
138546.000000
17889.000000
17183.000000
20313.000000
99282.000000
12147.000000
80679.000000
37287.000000
120062.000000
100308.000000
113678.000000
129769.000000
53713.000000
65955.000000
81686.000000
14650.000000
28712.000000
39456.000000
4054.000000
3917.000000
7390.000000
7929.000000
8788.000000
80374.000000
210671.000000
81063.000000
165769.000000
9981.000000
80340.000000
22558.000000
89593.000000
94390.000000
101099.000000
106858.000000
144056.000000
32432.000000
49656.000000
142669.000000
82671.000000
182107.000000
99465.000000
158350.000000
175719.000000
124907.000000
114826.000000
112729.000000
17501.000000
92095.000000
155962.000000
72024.000000
94082.000000
76071.000000
22923.000000
110270.000000
127161.000000
8530.000000
69370.000000
93852.000000
162319.000000
16532.000000
114243.000000
130020.000000
284666.000000
162689.000000
142439.000000
96742.000000
82530.000000
120098.000000
182354.000000
77364.000000
7583.000000
200852.000000
112794.000000
74796.000000
37006.000000
8279.000000
3954.000000
4663.000000
145223.000000
88139.000000
63332.000000
50529.000000
83210.000000
123186.000000
183499.000000
56593.000000
212551.000000
218942.000000
73848.000000
165884.000000
251374.000000
64279.000000
21313.000000
6331.000000
47407.000000
82252.000000
25017.000000
38428.000000
155904.000000
56967.000000
104046.000000
26529.000000
30344.000000
105247.000000
46310.000000
19092.000000
39843.000000
168295.000000
86350.000000
93184.000000
24045.000000
4054.000000
7390.000000
7929.000000
8788.000000
22253.000000
30909.000000
182683.000000
164900.000000
31217.000000
184569.000000
136599.000000
13038.000000
118689.000000
30311.000000
74426.000000
34039.000000
28580.000000
163071.000000
170921.000000
8530.000000
156451.000000
166749.000000
204955.000000
57744.000000
118529.000000
141397.000000
40477.000000
11502.000000
82127.000000
5674.000000
30549.000000
82449.000000
167381.000000
249774.000000
25868.000000
32425.000000
8943.000000
18380.000000
27036.000000
168714.000000
23087.000000
8671.000000
225521.000000
68599.000000
30238.000000
16065.000000
55995.000000
165558.000000
39276.000000
249774.000000
26587.000000
30666.000000
23410.000000
86033.000000
218440.000000
57370.000000
92532.000000
91419.000000
166955.000000
243687.000000
136862.000000
9092.000000
94508.000000
29582.000000
153203.000000
38546.000000
141240.000000
19095.000000
115025.000000
59096.000000
112693.000000
84641.000000
53838.000000
57899.000000
15794.000000
1430.000000
166310.000000
189025.000000
123926.000000
148806.000000
