0.000000
0.000000
0.000000
0.000000
0.000000
0.000000
0.000000
0.000000
0.000000
0.000000
0.000000
0.000000
0.000000
0.000000
0.000000
0.000000
0.000000
0.000000
0.000000
0.000000
0.000000
0.000000
0.000000
0.000000
0.000000
0.000000
0.000000
0.000000
0.000000
0.000000
0.000000
0.000000
0.000000
0.000000
0.000000
0.000000
0.000000
0.000000
0.000000
1944614.000000
1570796.000000
373193.000000
277811.000000
34925.000000
119048.000000
9600.000000
237110.000000
427204.000000
63255.000000
297518.000000
20186.000000
132172.000000
344913.000000
1913428.000000
61438.000000
416925.000000
76612.000000
129873.000000
62441.000000
53726.000000
61839.000000
118372.000000
203011.000000
412431.000000
108369.000000
94121.000000
164673.000000
52933.000000
288981.000000
88371.000000
21967.000000
161736.000000
64875.000000
188600.000000
29739.000000
67613.000000
77892.000000
105655.000000
238764.000000
116114.000000
136065.000000
330411.000000
377899.000000
12931.000000
16711.000000
5438.000000
54462.000000
225725.000000
123820.000000
10767.000000
7224.000000
4431.000000
29397.000000
11018.000000
73019.000000
171659.000000
113980.000000
152771.000000
7016.000000
5292.000000
7062.000000
12899.000000
249667.000000
5031.000000
5681.000000
63587.000000
17228.000000
192082.000000
351351.000000
72841.000000
131124.000000
57516.000000
19406.000000
269317.000000
93818.000000
402288.000000
1778.000000
403674.000000
189088.000000
123498.000000
214445.000000
60860.000000
130920.000000
77846.000000
67305.000000
61732.000000
194136.000000
6272.000000
224895.000000
221394.000000
306846.000000
51938.000000
386365.000000
202387.000000
33295.000000
62441.000000
361360.000000
352554.000000
215390.000000
11578.000000
9848.000000
5696.000000
135301.000000
77111.000000
195275.000000
115102.000000
158316.000000
159976.000000
62384.000000
213397.000000
155082.000000
253512.000000
26524.000000
373736.000000
378659.000000
293977.000000
363106.000000
142942.000000
122108.000000
156144.000000
85559.000000
36985.000000
28938.000000
18922.000000
292296.000000
113560.000000
319706.000000
47490.000000
12703.000000
363117.000000
247592.000000
296210.000000
97237.000000
269127.000000
51598.000000
238385.000000
44063.000000
380684.000000
206148.000000
33058.000000
270220.000000
366051.000000
237516.000000
101028.000000
232522.000000
91705.000000
28103.000000
38375.000000
46318.000000
124913.000000
5636.000000
5418.000000
7390.000000
33983.000000
12279.000000
7200.000000
10163.000000
19778.000000
46754.000000
22685.000000
53415.000000
69777.000000
9491.000000
11552.000000
178938.000000
4242.000000
177988.000000
213435.000000
278484.000000
85449.000000
8247.000000
406220.000000
21803.000000
60628.000000
42505.000000
148545.000000
343099.000000
108877.000000
229164.000000
402633.000000
436574.000000
44152.000000
38371.000000
382421.000000
6759.000000
45941.000000
12306.000000
20743.000000
18338.000000
7609.000000
3213.000000
6898.000000
7448.000000
143456.000000
113619.000000
8952.000000
4710.000000
3988.000000
32839.000000
14292.000000
112469.000000
8719.000000
5945.000000
10844.000000
20662.000000
186573.000000
104289.000000
420621.000000
224307.000000
136508.000000
305316.000000
49089.000000
12127.000000
10226.000000
379790.000000
163837.000000
45035.000000
117854.000000
385756.000000
37576.000000
37051.000000
31906.000000
191963.000000
14142.000000
115766.000000
63631.000000
168119.000000
205602.000000
191219.000000
131768.000000
55145.000000
145159.000000
162054.000000
33964.000000
43275.000000
28493.000000
5219.000000
4760.000000
7054.000000
8591.000000
9236.000000
113862.000000
382828.000000
50011.000000
341924.000000
22082.000000
118796.000000
39871.000000
164505.000000
171350.000000
337108.000000
178158.000000
247278.000000
48302.000000
107136.000000
316360.000000
222802.000000
402550.000000
133576.000000
268532.000000
378254.000000
320192.000000
159925.000000
267414.000000
22775.000000
160276.000000
353228.000000
130819.000000
272069.000000
122110.000000
34681.000000
151432.000000
188498.000000
12519.000000
223223.000000
185090.000000
216573.000000
21565.000000
191774.000000
343055.000000
273371.000000
224774.000000
263726.000000
65046.000000
59536.000000
109787.000000
378731.000000
88928.000000
4623.000000
423901.000000
165408.000000
70370.000000
39688.000000
9818.000000
6049.000000
5569.000000
365139.000000
167312.000000
103077.000000
83878.000000
49160.000000
375343.000000
270828.000000
97271.000000
397145.000000
374263.000000
130469.000000
180183.000000
227826.000000
69580.000000
33836.000000
14444.000000
77744.000000
130620.000000
12698.000000
59311.000000
327900.000000
125914.000000
123498.000000
28732.000000
36261.000000
94799.000000
54277.000000
14264.000000
28549.000000
314166.000000
134152.000000
121774.000000
24147.000000
5219.000000
7054.000000
8591.000000
9236.000000
19026.000000
23852.000000
396091.000000
314962.000000
40651.000000
394253.000000
138138.000000
23942.000000
198580.000000
32065.000000
109129.000000
36556.000000
42940.000000
453279.000000
355339.000000
12519.000000
273127.000000
374177.000000
423768.000000
72644.000000
299858.000000
266113.000000
29397.000000
12189.000000
161026.000000
6502.000000
46504.000000
95932.000000
287210.000000
451011.000000
31774.000000
25240.000000
14586.000000
25253.000000
44418.000000
361352.000000
26348.000000
13830.000000
229994.000000
96523.000000
60468.000000
5023.000000
37043.000000
404599.000000
42036.000000
451011.000000
31872.000000
46873.000000
25240.000000
142126.000000
331185.000000
98466.000000
97955.000000
108914.000000
276097.000000
359535.000000
145951.000000
12991.000000
141805.000000
31141.000000
307422.000000
70244.000000
318198.000000
14264.000000
92779.000000
29739.000000
185674.000000
110289.000000
64166.000000
27299.000000
24041.000000
2995.000000
194125.000000
264461.000000
110618.000000
379836.000000
