0.000000
0.000000
0.000000
0.000000
0.000000
0.000000
0.000000
0.000000
0.000000
0.000000
0.000000
0.000000
0.000000
0.000000
0.000000
0.000000
0.000000
0.000000
0.000000
0.000000
0.000000
0.000000
0.000000
0.000000
0.000000
0.000000
0.000000
0.000000
0.000000
0.000000
0.000000
0.000000
0.000000
0.000000
0.000000
0.000000
0.000000
0.000000
0.000000
0.000000
1933593.000000
343722.000000
277248.000000
34574.000000
107219.000000
10946.000000
244783.000000
409347.000000
65424.000000
298423.000000
17348.000000
131745.000000
364223.000000
1569272.000000
66410.000000
399234.000000
71973.000000
147377.000000
56641.000000
55154.000000
77218.000000
104649.000000
207820.000000
392933.000000
107154.000000
92058.000000
182142.000000
54245.000000
304925.000000
81024.000000
19171.000000
167450.000000
70322.000000
195791.000000
39647.000000
70123.000000
89839.000000
116106.000000
239632.000000
125713.000000
133048.000000
368758.000000
391724.000000
11320.000000
21612.000000
5848.000000
53885.000000
237471.000000
128704.000000
11117.000000
7775.000000
4522.000000
28721.000000
8323.000000
76161.000000
158005.000000
129285.000000
155682.000000
8432.000000
4427.000000
6454.000000
11517.000000
196856.000000
5486.000000
5909.000000
60069.000000
20097.000000
188820.000000
357249.000000
71979.000000
137580.000000
51492.000000
18920.000000
245514.000000
98592.000000
384716.000000
1869.000000
412930.000000
184529.000000
114962.000000
237828.000000
55257.000000
139121.000000
70452.000000
78622.000000
64017.000000
171683.000000
5422.000000
208721.000000
214382.000000
324190.000000
53045.000000
402608.000000
189751.000000
38797.000000
56641.000000
357668.000000
347100.000000
250357.000000
11292.000000
9038.000000
6076.000000
129163.000000
74212.000000
187567.000000
121224.000000
162966.000000
192777.000000
63045.000000
238058.000000
156890.000000
248826.000000
29327.000000
360765.000000
379905.000000
276480.000000
377751.000000
165117.000000
124727.000000
142778.000000
85976.000000
37321.000000
27026.000000
17569.000000
287095.000000
114795.000000
301347.000000
43792.000000
11600.000000
329816.000000
250672.000000
303932.000000
103574.000000
260849.000000
46493.000000
222401.000000
44809.000000
383408.000000
201624.000000
32883.000000
239534.000000
327561.000000
224003.000000
84682.000000
230883.000000
94912.000000
24523.000000
32512.000000
57913.000000
126131.000000
5408.000000
3778.000000
9928.000000
38227.000000
12556.000000
9288.000000
10764.000000
20206.000000
45414.000000
25333.000000
58671.000000
69121.000000
11933.000000
17558.000000
175485.000000
4171.000000
183428.000000
227104.000000
247892.000000
82427.000000
6930.000000
391750.000000
22096.000000
57951.000000
41143.000000
163570.000000
332634.000000
111649.000000
259123.000000
414558.000000
405206.000000
43767.000000
36454.000000
375166.000000
7627.000000
50977.000000
10000.000000
24269.000000
18533.000000
5740.000000
4562.000000
6674.000000
7519.000000
150620.000000
115149.000000
8788.000000
4821.000000
4949.000000
32856.000000
13752.000000
119754.000000
8307.000000
3861.000000
13124.000000
23645.000000
166604.000000
94477.000000
415750.000000
225172.000000
138321.000000
293098.000000
51936.000000
12719.000000
8305.000000
343174.000000
157098.000000
46397.000000
98716.000000
406441.000000
35056.000000
37248.000000
30170.000000
197554.000000
15414.000000
113602.000000
50009.000000
183144.000000
212749.000000
181704.000000
123276.000000
50914.000000
162288.000000
158868.000000
27920.000000
37004.000000
28001.000000
5138.000000
4064.000000
9516.000000
10812.000000
10421.000000
122091.000000
344814.000000
49834.000000
344763.000000
20890.000000
132583.000000
37586.000000
157879.000000
163767.000000
407269.000000
178313.000000
289301.000000
55591.000000
112386.000000
336402.000000
223690.000000
390639.000000
148804.000000
270570.000000
390367.000000
330859.000000
178111.000000
276522.000000
24236.000000
167468.000000
365983.000000
106762.000000
308618.000000
117561.000000
36546.000000
145807.000000
159836.000000
13942.000000
242015.000000
200111.000000
201354.000000
20527.000000
178166.000000
345120.000000
262651.000000
222222.000000
259696.000000
64534.000000
62016.000000
111755.000000
371268.000000
91479.000000
5005.000000
399010.000000
155285.000000
70139.000000
37342.000000
8864.000000
4788.000000
5057.000000
369634.000000
164406.000000
106518.000000
78709.000000
62767.000000
423293.000000
271531.000000
96172.000000
379503.000000
363990.000000
122725.000000
185540.000000
225527.000000
70389.000000
28549.000000
9892.000000
92491.000000
128298.000000
12464.000000
56283.000000
319696.000000
125756.000000
114962.000000
28446.000000
39643.000000
99051.000000
50390.000000
13071.000000
25432.000000
297265.000000
113371.000000
122250.000000
27717.000000
5138.000000
9516.000000
10812.000000
10421.000000
17756.000000
30494.000000
407370.000000
327765.000000
38073.000000
406306.000000
146578.000000
18763.000000
194273.000000
27436.000000
113844.000000
34811.000000
43263.000000
407903.000000
358293.000000
13942.000000
248122.000000
391577.000000
396471.000000
74503.000000
272998.000000
264456.000000
28721.000000
12823.000000
162552.000000
7816.000000
41703.000000
85589.000000
288436.000000
423040.000000
30499.000000
27217.000000
13840.000000
28421.000000
49393.000000
365741.000000
22893.000000
14934.000000
220281.000000
98442.000000
54664.000000
4465.000000
40178.000000
440730.000000
51826.000000
423040.000000
30558.000000
42373.000000
27217.000000
139773.000000
293887.000000
116304.000000
102159.000000
101596.000000
253379.000000
342045.000000
145938.000000
10430.000000
135911.000000
31889.000000
310964.000000
69216.000000
293211.000000
13053.000000
98144.000000
39647.000000
195743.000000
107701.000000
72747.000000
26463.000000
26686.000000
2751.000000
200597.000000
252300.000000
117541.000000
371405.000000
