0.000000
0.000000
0.000000
0.000000
0.000000
0.000000
0.000000
0.000000
0.000000
0.000000
0.000000
0.000000
0.000000
0.000000
0.000000
0.000000
0.000000
0.000000
0.000000
0.000000
0.000000
0.000000
0.000000
0.000000
0.000000
0.000000
0.000000
0.000000
0.000000
0.000000
0.000000
0.000000
0.000000
0.000000
0.000000
0.000000
0.000000
0.000000
0.000000
0.000000
0.000000
9063120.000000
414344.000000
38740.000000
83169.000000
11577.000000
255858.000000
885650.000000
53992.000000
281264.000000
19767.000000
114049.000000
860587.000000
340461.000000
100060.000000
943184.000000
74749.000000
149917.000000
70729.000000
58303.000000
79054.000000
81745.000000
214205.000000
406794.000000
113143.000000
71902.000000
232969.000000
56192.000000
379009.000000
80549.000000
16740.000000
126248.000000
56197.000000
178633.000000
39114.000000
67404.000000
85533.000000
216676.000000
240258.000000
105876.000000
127958.000000
467827.000000
1864162.000000
9067.000000
20823.000000
4092.000000
50868.000000
306581.000000
87077.000000
9724.000000
7791.000000
4842.000000
34669.000000
10964.000000
62845.000000
123320.000000
127092.000000
152959.000000
7896.000000
5392.000000
5209.000000
12292.000000
211724.000000
5179.000000
4928.000000
56309.000000
17917.000000
172052.000000
733980.000000
102537.000000
123400.000000
51954.000000
30342.000000
351990.000000
84100.000000
375273.000000
1268.000000
1351903.000000
168182.000000
137794.000000
171611.000000
82246.000000
107961.000000
67469.000000
56233.000000
48959.000000
155924.000000
12037.000000
310379.000000
211322.000000
393590.000000
59230.000000
914059.000000
180524.000000
46742.000000
70729.000000
624114.000000
1501687.000000
213830.000000
10575.000000
12129.000000
5212.000000
112355.000000
63133.000000
176662.000000
133407.000000
210264.000000
218525.000000
57750.000000
169347.000000
106557.000000
255660.000000
41864.000000
1190109.000000
570754.000000
249083.000000
1028314.000000
332522.000000
109494.000000
142682.000000
100719.000000
34342.000000
21985.000000
15856.000000
282370.000000
97945.000000
438877.000000
63519.000000
10692.000000
564266.000000
268346.000000
282194.000000
110217.000000
318547.000000
62677.000000
200484.000000
61209.000000
1187495.000000
244782.000000
20890.000000
292165.000000
834245.000000
199394.000000
73669.000000
173660.000000
81556.000000
19019.000000
33465.000000
36421.000000
145578.000000
7024.000000
5059.000000
5981.000000
34608.000000
11639.000000
9150.000000
8426.000000
19768.000000
42048.000000
19614.000000
44565.000000
68306.000000
9468.000000
14115.000000
138610.000000
3280.000000
159867.000000
186838.000000
322720.000000
102374.000000
7873.000000
1777217.000000
22252.000000
60880.000000
49289.000000
145013.000000
351713.000000
111670.000000
195488.000000
1436985.000000
1557391.000000
30900.000000
29238.000000
429901.000000
4425.000000
52106.000000
7327.000000
9804.000000
23494.000000
5051.000000
4236.000000
7940.000000
5340.000000
115011.000000
96498.000000
6909.000000
5995.000000
3753.000000
26951.000000
13544.000000
103350.000000
4833.000000
5308.000000
7777.000000
21245.000000
187839.000000
110722.000000
1228737.000000
194758.000000
123802.000000
322863.000000
40483.000000
14703.000000
6045.000000
353981.000000
166910.000000
42648.000000
102433.000000
704884.000000
42450.000000
36631.000000
24146.000000
176748.000000
12791.000000
112001.000000
41545.000000
158594.000000
175208.000000
198599.000000
161657.000000
55190.000000
134731.000000
134930.000000
21780.000000
36956.000000
22859.000000
3987.000000
5298.000000
8630.000000
8066.000000
8326.000000
129204.000000
444311.000000
66656.000000
383375.000000
16147.000000
129262.000000
32647.000000
169673.000000
172603.000000
888921.000000
165935.000000
264024.000000
49254.000000
99167.000000
336991.000000
191042.000000
710291.000000
123796.000000
393651.000000
1157870.000000
302239.000000
158802.000000
293910.000000
25946.000000
180195.000000
436671.000000
96674.000000
297273.000000
104126.000000
32396.000000
109913.000000
194333.000000
12687.000000
162321.000000
177628.000000
317129.000000
15527.000000
191932.000000
247462.000000
464814.000000
190232.000000
229322.000000
83822.000000
74399.000000
130708.000000
488451.000000
89530.000000
6755.000000
1432992.000000
181008.000000
72192.000000
45377.000000
6665.000000
4592.000000
5791.000000
475657.000000
152979.000000
106886.000000
78866.000000
81559.000000
702173.000000
292894.000000
81652.000000
1443374.000000
553218.000000
127197.000000
192719.000000
381517.000000
86317.000000
22758.000000
8229.000000
71508.000000
122486.000000
22245.000000
66993.000000
485246.000000
106133.000000
137794.000000
24961.000000
32668.000000
90208.000000
45143.000000
15407.000000
33334.000000
269734.000000
119552.000000
98247.000000
22783.000000
3987.000000
8630.000000
8066.000000
8326.000000
16373.000000
24459.000000
1076171.000000
466600.000000
31059.000000
1062772.000000
159796.000000
21300.000000
365049.000000
23070.000000
95076.000000
36831.000000
37334.000000
1391307.000000
374906.000000
12687.000000
497298.000000
379928.000000
1287574.000000
64931.000000
306080.000000
308871.000000
34669.000000
12420.000000
138788.000000
7609.000000
34135.000000
89424.000000
332529.000000
813427.000000
29724.000000
28103.000000
12092.000000
31333.000000
43891.000000
483202.000000
23200.000000
12733.000000
440188.000000
79230.000000
47909.000000
8416.000000
37412.000000
1514727.000000
45239.000000
813427.000000
31080.000000
34837.000000
28165.000000
113460.000000
416643.000000
88366.000000
113358.000000
115358.000000
320097.000000
498839.000000
161844.000000
9115.000000
120907.000000
36083.000000
348420.000000
77544.000000
274049.000000
15767.000000
94518.000000
39114.000000
156573.000000
123601.000000
63516.000000
40789.000000
27894.000000
1886.000000
172949.000000
253544.000000
146628.000000
330106.000000
