0.000000
0.000000
0.000000
0.000000
0.000000
0.000000
0.000000
0.000000
0.000000
0.000000
0.000000
0.000000
0.000000
0.000000
0.000000
0.000000
0.000000
0.000000
0.000000
0.000000
0.000000
0.000000
0.000000
0.000000
0.000000
0.000000
0.000000
0.000000
0.000000
0.000000
0.000000
0.000000
0.000000
0.000000
0.000000
0.000000
0.000000
0.000000
0.000000
0.000000
0.000000
0.000000
2007271.000000
28249.000000
62120.000000
11811.000000
269827.000000
313867.000000
47819.000000
242338.000000
19312.000000
99226.000000
333142.000000
272104.000000
73738.000000
300639.000000
61875.000000
142674.000000
66028.000000
47156.000000
66057.000000
73558.000000
225017.000000
280868.000000
104348.000000
79588.000000
175172.000000
36277.000000
300980.000000
70131.000000
18391.000000
105675.000000
56592.000000
155802.000000
24547.000000
48857.000000
72790.000000
68129.000000
205852.000000
80692.000000
110619.000000
334839.000000
380281.000000
13747.000000
15186.000000
8474.000000
49712.000000
223978.000000
99982.000000
8340.000000
6913.000000
4307.000000
25787.000000
13522.000000
62650.000000
88225.000000
108246.000000
115415.000000
6858.000000
7059.000000
4683.000000
8004.000000
169293.000000
4654.000000
5241.000000
53712.000000
23779.000000
165126.000000
317562.000000
79517.000000
111917.000000
46744.000000
24634.000000
299159.000000
71594.000000
306670.000000
2208.000000
386884.000000
155415.000000
103727.000000
168913.000000
72942.000000
93904.000000
69197.000000
61999.000000
61577.000000
168217.000000
4906.000000
208315.000000
152889.000000
200297.000000
61196.000000
417084.000000
190089.000000
41420.000000
66028.000000
337490.000000
332476.000000
190961.000000
12273.000000
6750.000000
6171.000000
92233.000000
62962.000000
167369.000000
128776.000000
205908.000000
200389.000000
39799.000000
132502.000000
120249.000000
200546.000000
52197.000000
403262.000000
300613.000000
188822.000000
365864.000000
210980.000000
106751.000000
111908.000000
80293.000000
35102.000000
25476.000000
12938.000000
192806.000000
92008.000000
275108.000000
51098.000000
12645.000000
394310.000000
272504.000000
234910.000000
95360.000000
290362.000000
40465.000000
150846.000000
48909.000000
411211.000000
229661.000000
30875.000000
226493.000000
365492.000000
149075.000000
74873.000000
153658.000000
64578.000000
18366.000000
25144.000000
41988.000000
111869.000000
6101.000000
5193.000000
6880.000000
26875.000000
11776.000000
8764.000000
10083.000000
19097.000000
44390.000000
19440.000000
48203.000000
69753.000000
8344.000000
15731.000000
131809.000000
4322.000000
130687.000000
219865.000000
207260.000000
84271.000000
8182.000000
428738.000000
21959.000000
46400.000000
31405.000000
118938.000000
334977.000000
96694.000000
204840.000000
386132.000000
330880.000000
49157.000000
36647.000000
335048.000000
7746.000000
56167.000000
8359.000000
20071.000000
24544.000000
4883.000000
4004.000000
9117.000000
10044.000000
117267.000000
95041.000000
9969.000000
6178.000000
5300.000000
33576.000000
12771.000000
126117.000000
8816.000000
5244.000000
13365.000000
25579.000000
162318.000000
90429.000000
373801.000000
160452.000000
126013.000000
280436.000000
43366.000000
15722.000000
7432.000000
241715.000000
151216.000000
48758.000000
103574.000000
390341.000000
42018.000000
33390.000000
33672.000000
175306.000000
15960.000000
124782.000000
53956.000000
164168.000000
168779.000000
184156.000000
153090.000000
59922.000000
113269.000000
120299.000000
36777.000000
42934.000000
23277.000000
5552.000000
4724.000000
6462.000000
9780.000000
10308.000000
107798.000000
364840.000000
49618.000000
289121.000000
20819.000000
151570.000000
44130.000000
163943.000000
124992.000000
379244.000000
195985.000000
249993.000000
46952.000000
101829.000000
336118.000000
211586.000000
349330.000000
124284.000000
308761.000000
381069.000000
287618.000000
161674.000000
258230.000000
24968.000000
189389.000000
292499.000000
112795.000000
273625.000000
104771.000000
34285.000000
113895.000000
193151.000000
10605.000000
160268.000000
185978.000000
239542.000000
18523.000000
155610.000000
303774.000000
366617.000000
157014.000000
216134.000000
42229.000000
57493.000000
101730.000000
316384.000000
72741.000000
5258.000000
329994.000000
112693.000000
42745.000000
33436.000000
10633.000000
5954.000000
5228.000000
314140.000000
83244.000000
88861.000000
81255.000000
68204.000000
289181.000000
241445.000000
73270.000000
382127.000000
259584.000000
105528.000000
178138.000000
301936.000000
52439.000000
23377.000000
9003.000000
76555.000000
87495.000000
16023.000000
57567.000000
323453.000000
91028.000000
103727.000000
28167.000000
29368.000000
75339.000000
34151.000000
13575.000000
32003.000000
220438.000000
95127.000000
87858.000000
19784.000000
5552.000000
6462.000000
9780.000000
10308.000000
15270.000000
20818.000000
360823.000000
271356.000000
33378.000000
373277.000000
118582.000000
20384.000000
303069.000000
26279.000000
83094.000000
40486.000000
47004.000000
376485.000000
303472.000000
10605.000000
299765.000000
271137.000000
404791.000000
65159.000000
188445.000000
276600.000000
25787.000000
7815.000000
95746.000000
6439.000000
36886.000000
68312.000000
238212.000000
363520.000000
28238.000000
30510.000000
10633.000000
26933.000000
44285.000000
304737.000000
17097.000000
10802.000000
227372.000000
76464.000000
54037.000000
6683.000000
25399.000000
379922.000000
37616.000000
363520.000000
25277.000000
38312.000000
30510.000000
114469.000000
242462.000000
85188.000000
77614.000000
85763.000000
243341.000000
332681.000000
140859.000000
9752.000000
117135.000000
29918.000000
273584.000000
77490.000000
237342.000000
13305.000000
60467.000000
24547.000000
150227.000000
93034.000000
62897.000000
35520.000000
28745.000000
1753.000000
171151.000000
196993.000000
94505.000000
255316.000000
