0.000000
0.000000
0.000000
0.000000
0.000000
0.000000
0.000000
0.000000
0.000000
0.000000
0.000000
0.000000
0.000000
0.000000
0.000000
0.000000
0.000000
0.000000
0.000000
0.000000
0.000000
0.000000
0.000000
0.000000
0.000000
0.000000
0.000000
0.000000
0.000000
0.000000
0.000000
0.000000
0.000000
0.000000
0.000000
0.000000
0.000000
0.000000
0.000000
0.000000
0.000000
0.000000
0.000000
159330.000000
31087.000000
7950.000000
33430.000000
36174.000000
22572.000000
29633.000000
10242.000000
23758.000000
42033.000000
29542.000000
19547.000000
34378.000000
28874.000000
34627.000000
31350.000000
25097.000000
27845.000000
27276.000000
20812.000000
31606.000000
31542.000000
20433.000000
24827.000000
23125.000000
24024.000000
27472.000000
12461.000000
31132.000000
27302.000000
29785.000000
13426.000000
36981.000000
22267.000000
17297.000000
26133.000000
28210.000000
26591.000000
32605.000000
40862.000000
8904.000000
16345.000000
4302.000000
21603.000000
30246.000000
24967.000000
8564.000000
3759.000000
3800.000000
17300.000000
6442.000000
21014.000000
25970.000000
26972.000000
29639.000000
4247.000000
3423.000000
3456.000000
11720.000000
31135.000000
3550.000000
5076.000000
24735.000000
12328.000000
26173.000000
38717.000000
23607.000000
34785.000000
23378.000000
9553.000000
36881.000000
26248.000000
33759.000000
1020.000000
39672.000000
32624.000000
28157.000000
30458.000000
27978.000000
33500.000000
23269.000000
25517.000000
26480.000000
24569.000000
5846.000000
34221.000000
32622.000000
30874.000000
17431.000000
29146.000000
26836.000000
27957.000000
31350.000000
29395.000000
29513.000000
26164.000000
9557.000000
7610.000000
4171.000000
26862.000000
24657.000000
24481.000000
30312.000000
32487.000000
29072.000000
35325.000000
30458.000000
36189.000000
26910.000000
12787.000000
35296.000000
28024.000000
41297.000000
32665.000000
28964.000000
25417.000000
31205.000000
34848.000000
24498.000000
21661.000000
19908.000000
31257.000000
33081.000000
27965.000000
24229.000000
7632.000000
31374.000000
32913.000000
25826.000000
22169.000000
33337.000000
23297.000000
36777.000000
22040.000000
34490.000000
37713.000000
10455.000000
25334.000000
35665.000000
36907.000000
25676.000000
30491.000000
29653.000000
21498.000000
25606.000000
21994.000000
30941.000000
3809.000000
4344.000000
4038.000000
20873.000000
9125.000000
6531.000000
6853.000000
10517.000000
19109.000000
14113.000000
25916.000000
34385.000000
6111.000000
9929.000000
27514.000000
4162.000000
22719.000000
23293.000000
41356.000000
16266.000000
5787.000000
33977.000000
20073.000000
20807.000000
26268.000000
35930.000000
25423.000000
23710.000000
30054.000000
29663.000000
30214.000000
21664.000000
23227.000000
30769.000000
3194.000000
19393.000000
10478.000000
14316.000000
11320.000000
3313.000000
2447.000000
6287.000000
4764.000000
26166.000000
23361.000000
3388.000000
3847.000000
2826.000000
19192.000000
8215.000000
24975.000000
5222.000000
4052.000000
9693.000000
11582.000000
22095.000000
27116.000000
33830.000000
26111.000000
20410.000000
31477.000000
16936.000000
10571.000000
5970.000000
32910.000000
31651.000000
22256.000000
26884.000000
33463.000000
18246.000000
20400.000000
19981.000000
31743.000000
9236.000000
26485.000000
28498.000000
22242.000000
26062.000000
24333.000000
29793.000000
26565.000000
23051.000000
34840.000000
14628.000000
20613.000000
11349.000000
3595.000000
3930.000000
4745.000000
6832.000000
9101.000000
25988.000000
30067.000000
19448.000000
30584.000000
11882.000000
26821.000000
14289.000000
23848.000000
26784.000000
26664.000000
21297.000000
32932.000000
28304.000000
18060.000000
30781.000000
31560.000000
24750.000000
24702.000000
25450.000000
25158.000000
34456.000000
27149.000000
26869.000000
13714.000000
22645.000000
22907.000000
36896.000000
23319.000000
26099.000000
16823.000000
26516.000000
26765.000000
4916.000000
23170.000000
26455.000000
30665.000000
13194.000000
27691.000000
23230.000000
36502.000000
26432.000000
22608.000000
18144.000000
14640.000000
15261.000000
30374.000000
34032.000000
3495.000000
32489.000000
26981.000000
26146.000000
23864.000000
5124.000000
4261.000000
4784.000000
33259.000000
27075.000000
36661.000000
26274.000000
25009.000000
36971.000000
34901.000000
27595.000000
27043.000000
30109.000000
25186.000000
42011.000000
28277.000000
24924.000000
16789.000000
4977.000000
19139.000000
27549.000000
5227.000000
17606.000000
32044.000000
27060.000000
28157.000000
17170.000000
23846.000000
31675.000000
16857.000000
13139.000000
11349.000000
31037.000000
38809.000000
21760.000000
19960.000000
3595.000000
4745.000000
6832.000000
9101.000000
10074.000000
7295.000000
38135.000000
31222.000000
17367.000000
27939.000000
31740.000000
21653.000000
25302.000000
17955.000000
36432.000000
16735.000000
21666.000000
35186.000000
35212.000000
4916.000000
21371.000000
29569.000000
33387.000000
36601.000000
32113.000000
35143.000000
17300.000000
10932.000000
25192.000000
6886.000000
21550.000000
38467.000000
33178.000000
31330.000000
19351.000000
16321.000000
8217.000000
16180.000000
19285.000000
34276.000000
17722.000000
10165.000000
28642.000000
21734.000000
25975.000000
3079.000000
13096.000000
28805.000000
24718.000000
31330.000000
18309.000000
21224.000000
16321.000000
24946.000000
39715.000000
29541.000000
24433.000000
27124.000000
33908.000000
38312.000000
32284.000000
9945.000000
31186.000000
22766.000000
30445.000000
31460.000000
31016.000000
13654.000000
31675.000000
13426.000000
31566.000000
31837.000000
24858.000000
21628.000000
16974.000000
1954.000000
43690.000000
26910.000000
34949.000000
33397.000000
