0.000000
0.000000
0.000000
0.000000
0.000000
0.000000
0.000000
0.000000
0.000000
0.000000
0.000000
0.000000
0.000000
0.000000
0.000000
0.000000
0.000000
0.000000
0.000000
0.000000
0.000000
0.000000
0.000000
0.000000
0.000000
0.000000
0.000000
0.000000
0.000000
0.000000
0.000000
0.000000
0.000000
0.000000
0.000000
0.000000
0.000000
0.000000
0.000000
0.000000
0.000000
0.000000
0.000000
0.000000
465048.000000
16156.000000
85203.000000
93369.000000
58539.000000
76791.000000
27224.000000
77999.000000
127325.000000
130834.000000
49296.000000
97870.000000
54235.000000
92820.000000
55290.000000
56950.000000
61161.000000
68125.000000
75764.000000
89622.000000
76520.000000
69348.000000
70240.000000
46705.000000
80428.000000
65719.000000
28280.000000
75250.000000
60427.000000
89313.000000
36528.000000
54636.000000
68946.000000
61267.000000
93515.000000
74877.000000
73781.000000
92608.000000
92728.000000
12567.000000
17653.000000
5452.000000
42237.000000
52736.000000
76038.000000
9940.000000
5672.000000
4241.000000
25839.000000
14728.000000
67415.000000
95492.000000
88381.000000
90461.000000
6050.000000
5571.000000
4341.000000
8228.000000
98026.000000
5113.000000
4237.000000
49961.000000
15713.000000
92907.000000
88140.000000
53276.000000
84813.000000
41479.000000
15526.000000
75119.000000
72597.000000
93920.000000
2218.000000
103729.000000
87076.000000
77424.000000
82302.000000
39332.000000
75697.000000
68955.000000
70719.000000
68255.000000
73554.000000
7037.000000
79650.000000
81510.000000
97556.000000
61942.000000
87612.000000
79439.000000
34661.000000
55290.000000
93434.000000
78044.000000
93254.000000
12224.000000
9062.000000
4731.000000
92139.000000
64485.000000
90188.000000
64709.000000
67195.000000
69121.000000
52334.000000
83088.000000
88903.000000
86533.000000
39050.000000
82352.000000
104445.000000
77272.000000
93318.000000
65953.000000
70195.000000
74828.000000
53754.000000
36270.000000
29784.000000
16689.000000
109287.000000
70750.000000
112281.000000
36259.000000
9658.000000
88200.000000
75660.000000
76791.000000
70247.000000
81142.000000
45730.000000
89960.000000
44709.000000
89350.000000
86954.000000
30136.000000
83389.000000
121635.000000
89336.000000
73366.000000
95627.000000
81814.000000
20439.000000
24724.000000
43138.000000
80772.000000
7234.000000
4998.000000
7236.000000
33959.000000
12531.000000
10747.000000
10146.000000
19062.000000
40164.000000
16703.000000
49552.000000
74581.000000
6395.000000
15390.000000
81264.000000
4334.000000
89711.000000
93061.000000
78142.000000
64962.000000
6967.000000
100965.000000
17026.000000
55527.000000
34459.000000
76369.000000
101266.000000
84846.000000
95928.000000
99027.000000
97728.000000
43035.000000
34030.000000
91908.000000
5333.000000
38985.000000
7759.000000
22908.000000
20257.000000
4079.000000
4179.000000
5679.000000
7347.000000
85065.000000
84072.000000
6115.000000
5169.000000
4656.000000
27013.000000
13843.000000
78219.000000
8072.000000
4320.000000
11875.000000
22750.000000
81971.000000
81589.000000
97388.000000
82948.000000
93748.000000
98901.000000
46394.000000
12411.000000
8566.000000
74867.000000
85758.000000
46836.000000
77812.000000
92135.000000
41443.000000
34868.000000
23553.000000
99836.000000
15381.000000
96604.000000
30449.000000
81895.000000
85330.000000
77769.000000
79915.000000
54098.000000
91549.000000
87047.000000
28319.000000
38466.000000
26854.000000
6736.000000
4920.000000
8684.000000
8917.000000
10546.000000
90914.000000
102610.000000
41035.000000
95346.000000
21593.000000
86990.000000
32841.000000
68848.000000
98359.000000
90594.000000
79034.000000
82827.000000
45264.000000
81679.000000
93162.000000
84262.000000
98879.000000
76057.000000
97888.000000
95617.000000
84957.000000
88946.000000
98804.000000
23765.000000
82019.000000
77586.000000
82658.000000
93577.000000
90510.000000
35643.000000
72877.000000
100095.000000
13219.000000
107599.000000
84338.000000
90705.000000
16746.000000
87072.000000
86770.000000
82190.000000
86749.000000
94891.000000
61560.000000
35470.000000
60872.000000
104812.000000
48341.000000
5961.000000
108839.000000
74469.000000
48984.000000
40407.000000
9588.000000
4181.000000
5859.000000
84797.000000
99653.000000
67215.000000
67078.000000
43135.000000
89522.000000
76917.000000
78567.000000
89582.000000
111965.000000
83126.000000
102144.000000
62792.000000
42762.000000
19186.000000
11316.000000
79917.000000
90505.000000
14643.000000
50864.000000
81605.000000
84045.000000
77424.000000
27945.000000
39613.000000
64827.000000
31437.000000
12985.000000
27654.000000
107038.000000
72881.000000
75995.000000
24083.000000
6736.000000
8684.000000
8917.000000
10546.000000
10875.000000
13361.000000
95358.000000
87164.000000
29647.000000
96528.000000
58275.000000
18854.000000
74074.000000
21104.000000
69655.000000
36375.000000
54031.000000
111188.000000
106547.000000
13219.000000
90684.000000
96603.000000
91959.000000
57251.000000
86511.000000
90729.000000
25839.000000
9239.000000
87720.000000
6789.000000
36461.000000
57730.000000
77992.000000
86926.000000
23832.000000
28733.000000
15581.000000
25500.000000
43659.000000
97788.000000
20749.000000
16364.000000
64761.000000
69001.000000
49514.000000
4959.000000
35219.000000
106928.000000
32213.000000
86926.000000
25495.000000
36278.000000
28862.000000
88217.000000
94822.000000
68337.000000
29054.000000
32872.000000
79574.000000
49201.000000
68503.000000
12912.000000
89415.000000
34703.000000
89155.000000
56879.000000
84641.000000
13126.000000
64205.000000
36528.000000
84372.000000
78899.000000
57317.000000
26091.000000
21707.000000
2361.000000
79295.000000
86533.000000
60987.000000
83232.000000
