0.000000
0.000000
0.000000
0.000000
0.000000
0.000000
0.000000
0.000000
0.000000
0.000000
0.000000
0.000000
0.000000
0.000000
0.000000
0.000000
0.000000
0.000000
0.000000
0.000000
0.000000
0.000000
0.000000
0.000000
0.000000
0.000000
0.000000
0.000000
0.000000
0.000000
0.000000
0.000000
0.000000
0.000000
0.000000
0.000000
0.000000
0.000000
0.000000
0.000000
0.000000
0.000000
0.000000
0.000000
0.000000
49655.000000
13270.000000
13942.000000
9709.000000
14524.000000
36741.000000
10815.000000
15961.000000
9239.000000
9748.000000
12469.000000
11338.000000
11166.000000
10114.000000
8614.000000
7649.000000
12974.000000
12751.000000
12492.000000
11175.000000
11227.000000
13752.000000
7638.000000
12405.000000
15201.000000
6492.000000
10977.000000
8277.000000
13022.000000
5877.000000
11535.000000
8657.000000
6732.000000
11157.000000
9815.000000
12500.000000
12577.000000
17182.000000
5637.000000
9265.000000
3335.000000
8606.000000
14499.000000
13963.000000
5233.000000
4161.000000
3183.000000
6813.000000
6205.000000
14147.000000
14293.000000
13194.000000
9602.000000
8908.000000
3765.000000
4126.000000
7518.000000
16946.000000
3746.000000
3068.000000
10791.000000
7997.000000
12954.000000
13434.000000
6679.000000
8062.000000
13058.000000
8996.000000
10238.000000
15544.000000
9220.000000
1618.000000
11738.000000
13596.000000
9857.000000
15848.000000
14745.000000
9568.000000
11999.000000
9062.000000
8820.000000
12418.000000
4091.000000
9901.000000
13413.000000
12738.000000
12371.000000
13526.000000
10392.000000
9392.000000
10114.000000
9819.000000
10771.000000
7550.000000
6057.000000
9022.000000
5120.000000
10856.000000
10069.000000
11930.000000
11849.000000
5299.000000
8013.000000
10978.000000
15848.000000
15396.000000
9191.000000
6575.000000
10904.000000
13540.000000
15405.000000
10868.000000
12391.000000
12073.000000
12795.000000
11372.000000
10356.000000
6895.000000
5018.000000
10061.000000
12623.000000
15960.000000
8444.000000
3213.000000
11688.000000
13219.000000
14512.000000
11667.000000
10530.000000
8178.000000
13287.000000
8761.000000
11792.000000
11382.000000
7664.000000
12253.000000
11070.000000
13687.000000
10157.000000
13633.000000
12445.000000
8322.000000
8993.000000
7289.000000
11354.000000
5912.000000
4774.000000
5064.000000
9696.000000
8401.000000
9110.000000
7005.000000
10065.000000
11602.000000
6461.000000
11834.000000
10404.000000
4810.000000
8442.000000
12082.000000
3114.000000
14351.000000
12192.000000
11364.000000
16254.000000
6394.000000
11631.000000
9287.000000
10946.000000
9706.000000
7815.000000
13505.000000
12179.000000
10008.000000
12774.000000
12316.000000
14545.000000
7982.000000
10153.000000
4939.000000
10999.000000
5289.000000
8916.000000
6232.000000
4586.000000
3537.000000
5466.000000
7279.000000
10790.000000
13074.000000
8031.000000
2699.000000
3585.000000
7167.000000
6819.000000
13949.000000
4420.000000
3450.000000
7367.000000
9107.000000
12763.000000
9645.000000
12402.000000
12683.000000
10945.000000
14830.000000
10059.000000
10666.000000
5756.000000
15292.000000
13071.000000
11348.000000
13750.000000
11359.000000
9515.000000
8112.000000
8447.000000
13698.000000
7794.000000
14123.000000
12477.000000
12869.000000
12371.000000
15413.000000
7617.000000
9948.000000
12197.000000
9909.000000
13089.000000
13577.000000
7798.000000
3850.000000
3520.000000
5346.000000
8763.000000
7281.000000
12129.000000
11558.000000
9830.000000
11985.000000
12572.000000
10340.000000
14724.000000
12359.000000
12872.000000
12203.000000
12687.000000
11710.000000
9223.000000
10295.000000
10640.000000
13702.000000
12559.000000
11391.000000
15223.000000
11082.000000
12181.000000
16322.000000
13148.000000
14860.000000
14511.000000
14783.000000
9779.000000
14342.000000
13746.000000
10769.000000
9233.000000
11104.000000
9247.000000
10634.000000
13283.000000
14335.000000
7035.000000
8772.000000
9970.000000
9935.000000
11551.000000
13639.000000
9132.000000
12295.000000
9642.000000
8309.000000
6388.000000
4104.000000
11801.000000
11477.000000
13470.000000
9217.000000
5725.000000
4180.000000
5664.000000
14292.000000
12304.000000
8112.000000
9077.000000
7628.000000
11335.000000
12409.000000
9988.000000
11173.000000
10263.000000
11056.000000
15423.000000
10562.000000
5952.000000
10020.000000
9101.000000
10348.000000
9337.000000
3375.000000
14967.000000
13923.000000
14003.000000
9857.000000
12176.000000
12665.000000
12888.000000
9629.000000
3384.000000
7798.000000
12484.000000
8152.000000
13270.000000
8494.000000
3850.000000
5346.000000
8763.000000
7281.000000
6930.000000
8628.000000
11312.000000
17601.000000
10792.000000
14731.000000
10127.000000
7684.000000
11688.000000
13399.000000
7967.000000
12795.000000
10262.000000
14337.000000
14362.000000
9247.000000
14894.000000
12725.000000
10269.000000
10908.000000
13753.000000
11047.000000
6813.000000
7222.000000
13042.000000
3557.000000
7939.000000
7668.000000
12035.000000
11785.000000
9829.000000
13031.000000
7577.000000
11075.000000
9697.000000
12368.000000
7993.000000
6486.000000
10283.000000
9480.000000
10978.000000
4643.000000
11615.000000
11828.000000
8876.000000
11785.000000
9829.000000
7748.000000
13031.000000
14625.000000
11095.000000
15360.000000
13351.000000
11852.000000
11957.000000
12184.000000
10989.000000
5274.000000
12871.000000
12066.000000
13048.000000
13500.000000
15728.000000
3370.000000
11168.000000
5877.000000
14498.000000
8437.000000
11319.000000
15347.000000
8764.000000
1940.000000
10357.000000
6978.000000
10863.000000
13686.000000
