0.000000
0.000000
0.000000
0.000000
0.000000
0.000000
0.000000
0.000000
0.000000
0.000000
0.000000
0.000000
0.000000
0.000000
0.000000
0.000000
0.000000
0.000000
0.000000
0.000000
0.000000
0.000000
0.000000
0.000000
0.000000
0.000000
0.000000
0.000000
0.000000
0.000000
0.000000
0.000000
0.000000
0.000000
0.000000
0.000000
0.000000
0.000000
0.000000
0.000000
0.000000
0.000000
0.000000
0.000000
0.000000
0.000000
1422085.000000
260832.000000
64252.000000
212763.000000
17966.000000
121073.000000
297481.000000
259302.000000
67050.000000
268486.000000
71398.000000
150491.000000
73301.000000
63637.000000
81466.000000
109648.000000
194654.000000
280272.000000
124366.000000
111262.000000
168656.000000
45412.000000
249261.000000
86897.000000
19180.000000
146908.000000
59565.000000
186506.000000
38455.000000
59859.000000
75044.000000
84711.000000
216139.000000
107521.000000
125750.000000
231200.000000
294938.000000
10020.000000
16499.000000
5569.000000
49742.000000
207571.000000
103621.000000
8284.000000
6344.000000
4812.000000
25374.000000
14324.000000
69785.000000
125161.000000
121128.000000
148543.000000
6652.000000
4602.000000
6065.000000
11206.000000
185030.000000
5509.000000
4741.000000
69743.000000
21370.000000
163840.000000
252778.000000
71239.000000
114643.000000
41043.000000
20705.000000
219515.000000
94231.000000
251943.000000
2502.000000
250709.000000
184542.000000
100591.000000
185588.000000
67685.000000
121583.000000
79992.000000
64154.000000
53645.000000
196271.000000
5062.000000
220079.000000
204888.000000
213702.000000
73620.000000
285720.000000
183707.000000
37172.000000
73301.000000
289837.000000
292408.000000
208873.000000
13427.000000
10309.000000
5241.000000
126319.000000
80788.000000
241112.000000
138470.000000
154008.000000
164070.000000
44812.000000
173479.000000
123708.000000
212807.000000
27640.000000
258994.000000
271884.000000
215114.000000
247350.000000
147120.000000
105922.000000
150241.000000
78957.000000
35708.000000
30814.000000
18288.000000
231245.000000
95725.000000
296894.000000
65684.000000
10623.000000
261910.000000
1386193.000000
210206.000000
141764.000000
211842.000000
73884.000000
198877.000000
86342.000000
291804.000000
223978.000000
28980.000000
202679.000000
296171.000000
200459.000000
78339.000000
201592.000000
78473.000000
23997.000000
32449.000000
41084.000000
107733.000000
6798.000000
7778.000000
5454.000000
29243.000000
10198.000000
10885.000000
10337.000000
22069.000000
49052.000000
18748.000000
52789.000000
75668.000000
8805.000000
14269.000000
141953.000000
4019.000000
156316.000000
222124.000000
166799.000000
69137.000000
8716.000000
292041.000000
23446.000000
63142.000000
50508.000000
144749.000000
263351.000000
119995.000000
209603.000000
245077.000000
261850.000000
44811.000000
40632.000000
269847.000000
6659.000000
47086.000000
12115.000000
24979.000000
18767.000000
5334.000000
4573.000000
8268.000000
6906.000000
126315.000000
103190.000000
8714.000000
4091.000000
5978.000000
36773.000000
13398.000000
128304.000000
8176.000000
4143.000000
11339.000000
21432.000000
192093.000000
145721.000000
274397.000000
184334.000000
155002.000000
264719.000000
47512.000000
14719.000000
11965.000000
238657.000000
136482.000000
50257.000000
107992.000000
249980.000000
48020.000000
39114.000000
30470.000000
174674.000000
16889.000000
108090.000000
58907.000000
185988.000000
177843.000000
184661.000000
147368.000000
53741.000000
153630.000000
131277.000000
33207.000000
41315.000000
25415.000000
5364.000000
5798.000000
8223.000000
9901.000000
10157.000000
125232.000000
288700.000000
83999.000000
275735.000000
21323.000000
150561.000000
36453.000000
156454.000000
168220.000000
271895.000000
173782.000000
208583.000000
46618.000000
130502.000000
234732.000000
160242.000000
231923.000000
130359.000000
234921.000000
329419.000000
241806.000000
160341.000000
188449.000000
25940.000000
184182.000000
254390.000000
154030.000000
236999.000000
116008.000000
39600.000000
140829.000000
181431.000000
10953.000000
197790.000000
172365.000000
198839.000000
20027.000000
184444.000000
240653.000000
245355.000000
176026.000000
218462.000000
33008.000000
46122.000000
102856.000000
223176.000000
79952.000000
8290.000000
293268.000000
148431.000000
67859.000000
47542.000000
8627.000000
5934.000000
5575.000000
261318.000000
130839.000000
94828.000000
80273.000000
60036.000000
265238.000000
213450.000000
91745.000000
241241.000000
285963.000000
132840.000000
175275.000000
245921.000000
68616.000000
21584.000000
9435.000000
90972.000000
100726.000000
14612.000000
50125.000000
261434.000000
100154.000000
100591.000000
28955.000000
38290.000000
101972.000000
43793.000000
11949.000000
25171.000000
256913.000000
124986.000000
117284.000000
25756.000000
5364.000000
8223.000000
9901.000000
10157.000000
19570.000000
31691.000000
231182.000000
230184.000000
40659.000000
270199.000000
120577.000000
24311.000000
205477.000000
30995.000000
91304.000000
37613.000000
45287.000000
242496.000000
262054.000000
10953.000000
233227.000000
243836.000000
291857.000000
66411.000000
211380.000000
239907.000000
25374.000000
11728.000000
140186.000000
6920.000000
38866.000000
89090.000000
214000.000000
301821.000000
32398.000000
33109.000000
12555.000000
30551.000000
45247.000000
262281.000000
27316.000000
12785.000000
276246.000000
99459.000000
63327.000000
4871.000000
43085.000000
292888.000000
45314.000000
301821.000000
33289.000000
38409.000000
33037.000000
139231.000000
209910.000000
98453.000000
78657.000000
98979.000000
228464.000000
240449.000000
166664.000000
8761.000000
160686.000000
35897.000000
254494.000000
69175.000000
216370.000000
11949.000000
101404.000000
38455.000000
190074.000000
125431.000000
62701.000000
28800.000000
21570.000000
2333.000000
177800.000000
209018.000000
101363.000000
234635.000000
