0.000000
0.000000
0.000000
0.000000
0.000000
0.000000
0.000000
0.000000
0.000000
0.000000
0.000000
0.000000
0.000000
0.000000
0.000000
0.000000
0.000000
0.000000
0.000000
0.000000
0.000000
0.000000
0.000000
0.000000
0.000000
0.000000
0.000000
0.000000
0.000000
0.000000
0.000000
0.000000
0.000000
0.000000
0.000000
0.000000
0.000000
0.000000
0.000000
0.000000
0.000000
0.000000
0.000000
0.000000
0.000000
0.000000
0.000000
6341994.000000
73148.000000
282089.000000
22381.000000
142011.000000
778424.000000
424458.000000
66623.000000
4067209.000000
68905.000000
154979.000000
60729.000000
51359.000000
63633.000000
109850.000000
232911.000000
617938.000000
118370.000000
118758.000000
180474.000000
50701.000000
393102.000000
84446.000000
19526.000000
155822.000000
59934.000000
192993.000000
27098.000000
67844.000000
76063.000000
79960.000000
263070.000000
111480.000000
139572.000000
588024.000000
1277362.000000
13526.000000
21643.000000
4798.000000
51442.000000
271390.000000
115439.000000
8677.000000
6062.000000
4562.000000
26596.000000
17631.000000
73574.000000
160920.000000
138792.000000
194723.000000
5963.000000
5018.000000
5109.000000
12275.000000
232909.000000
5397.000000
4721.000000
64733.000000
18407.000000
197720.000000
986607.000000
83540.000000
102998.000000
56108.000000
17192.000000
271894.000000
91400.000000
550655.000000
1757.000000
1094588.000000
205237.000000
108904.000000
219835.000000
76484.000000
119607.000000
91674.000000
70282.000000
62309.000000
187159.000000
9747.000000
174270.000000
238222.000000
364780.000000
64423.000000
996135.000000
197298.000000
39054.000000
60729.000000
593289.000000
839503.000000
263614.000000
12151.000000
12537.000000
6189.000000
137624.000000
85254.000000
199729.000000
144557.000000
174542.000000
189827.000000
66122.000000
220500.000000
157532.000000
265004.000000
33464.000000
983959.000000
751502.000000
281333.000000
1122794.000000
212087.000000
117298.000000
144783.000000
89325.000000
41845.000000
23680.000000
17779.000000
302346.000000
95922.000000
362458.000000
48142.000000
12590.000000
679523.000000
252732.000000
270994.000000
87356.000000
321054.000000
38517.000000
227880.000000
54805.000000
1213543.000000
204753.000000
34630.000000
302116.000000
750850.000000
229941.000000
95099.000000
224840.000000
91074.000000
19987.000000
38064.000000
57317.000000
130746.000000
6124.000000
6161.000000
9128.000000
34285.000000
14645.000000
9292.000000
10527.000000
21335.000000
57188.000000
21767.000000
63418.000000
75803.000000
12366.000000
12641.000000
175149.000000
3884.000000
219161.000000
224451.000000
238944.000000
79279.000000
8128.000000
1122281.000000
22124.000000
65804.000000
37462.000000
138875.000000
503331.000000
132595.000000
210217.000000
1287984.000000
1232699.000000
48855.000000
36432.000000
577574.000000
7735.000000
41734.000000
11198.000000
21165.000000
17801.000000
7764.000000
3099.000000
7334.000000
8317.000000
159627.000000
103285.000000
7983.000000
5961.000000
4892.000000
33159.000000
13580.000000
142986.000000
10648.000000
4167.000000
10449.000000
24782.000000
203411.000000
137551.000000
1244510.000000
228133.000000
161023.000000
389564.000000
49254.000000
16508.000000
7456.000000
516005.000000
184953.000000
55824.000000
117219.000000
889262.000000
38910.000000
33009.000000
34240.000000
181403.000000
19508.000000
109755.000000
50775.000000
209755.000000
265692.000000
216674.000000
121624.000000
49565.000000
174836.000000
136075.000000
34357.000000
38479.000000
18996.000000
5426.000000
5815.000000
6286.000000
9196.000000
9862.000000
146283.000000
524687.000000
41740.000000
493127.000000
18041.000000
118131.000000
40918.000000
223750.000000
179174.000000
1106428.000000
194570.000000
285569.000000
53491.000000
123850.000000
408730.000000
259118.000000
800540.000000
149806.000000
377955.000000
1307964.000000
357025.000000
181101.000000
291490.000000
33063.000000
210568.000000
447303.000000
167038.000000
336810.000000
130682.000000
34491.000000
154433.000000
209464.000000
12283.000000
262976.000000
208640.000000
318823.000000
24533.000000
229404.000000
376007.000000
358860.000000
208742.000000
262086.000000
69765.000000
47757.000000
102227.000000
630156.000000
81492.000000
4448.000000
1353688.000000
173591.000000
67729.000000
46075.000000
10741.000000
7526.000000
8628.000000
614857.000000
172441.000000
106721.000000
66760.000000
59462.000000
755644.000000
289104.000000
98403.000000
1077570.000000
678504.000000
151482.000000
184341.000000
238461.000000
61247.000000
24974.000000
9065.000000
89415.000000
109341.000000
14072.000000
59014.000000
532096.000000
126983.000000
108904.000000
28334.000000
34428.000000
106730.000000
43196.000000
17089.000000
25551.000000
327801.000000
119041.000000
118409.000000
29042.000000
5426.000000
6286.000000
9196.000000
9862.000000
14432.000000
28688.000000
1019000.000000
489924.000000
42320.000000
1181179.000000
150807.000000
25435.000000
286026.000000
24343.000000
102167.000000
31130.000000
43087.000000
1289175.000000
487445.000000
12283.000000
420657.000000
510819.000000
1362842.000000
65183.000000
354630.000000
299360.000000
26596.000000
11275.000000
171762.000000
9107.000000
35892.000000
94792.000000
348604.000000
819828.000000
26955.000000
24407.000000
14164.000000
28997.000000
56347.000000
572613.000000
21121.000000
16507.000000
220505.000000
89428.000000
73109.000000
7839.000000
34300.000000
1420466.000000
44762.000000
821925.000000
27345.000000
35348.000000
24407.000000
141118.000000
371634.000000
108725.000000
88693.000000
107450.000000
325252.000000
434150.000000
182486.000000
10351.000000
147466.000000
39269.000000
428092.000000
79429.000000
399589.000000
17089.000000
108388.000000
27098.000000
231611.000000
131401.000000
66288.000000
25760.000000
28162.000000
2796.000000
192856.000000
261656.000000
117774.000000
412783.000000
