0.000000
0.000000
0.000000
0.000000
0.000000
0.000000
0.000000
0.000000
0.000000
0.000000
0.000000
0.000000
0.000000
0.000000
0.000000
0.000000
0.000000
0.000000
0.000000
0.000000
0.000000
0.000000
0.000000
0.000000
0.000000
0.000000
0.000000
0.000000
0.000000
0.000000
0.000000
0.000000
0.000000
0.000000
0.000000
0.000000
0.000000
0.000000
0.000000
0.000000
0.000000
0.000000
0.000000
0.000000
0.000000
0.000000
0.000000
0.000000
291082.000000
62708.000000
19276.000000
56488.000000
59178.000000
62239.000000
47473.000000
63943.000000
57007.000000
59412.000000
45610.000000
45664.000000
49345.000000
59213.000000
60580.000000
69670.000000
63299.000000
50751.000000
67760.000000
39540.000000
63379.000000
48245.000000
16527.000000
59793.000000
46690.000000
62185.000000
27905.000000
50670.000000
57870.000000
43658.000000
68358.000000
55386.000000
56448.000000
59043.000000
77252.000000
8237.000000
17446.000000
4725.000000
42744.000000
56431.000000
68497.000000
7932.000000
5367.000000
3881.000000
20924.000000
11189.000000
64343.000000
65890.000000
54240.000000
57122.000000
4892.000000
4291.000000
4650.000000
11820.000000
62019.000000
5281.000000
4707.000000
49202.000000
19674.000000
57600.000000
67022.000000
43436.000000
52810.000000
33165.000000
23463.000000
53990.000000
59154.000000
71296.000000
1982.000000
67636.000000
61109.000000
49179.000000
57209.000000
56919.000000
55070.000000
50743.000000
45492.000000
47172.000000
68428.000000
5358.000000
45697.000000
76766.000000
66880.000000
52605.000000
62125.000000
66514.000000
31350.000000
45610.000000
68272.000000
63678.000000
69708.000000
11886.000000
10143.000000
4198.000000
55027.000000
69399.000000
57522.000000
54312.000000
50540.000000
53231.000000
41397.000000
64897.000000
76303.000000
68543.000000
25856.000000
70931.000000
65728.000000
63933.000000
66705.000000
41746.000000
43476.000000
47313.000000
53869.000000
43321.000000
24341.000000
17483.000000
56394.000000
53272.000000
62469.000000
30415.000000
12655.000000
69684.000000
56095.000000
65360.000000
59046.000000
56065.000000
33994.000000
64946.000000
37104.000000
76003.000000
64065.000000
27573.000000
74448.000000
63503.000000
64385.000000
59990.000000
68442.000000
55906.000000
20929.000000
30903.000000
40318.000000
62029.000000
7321.000000
5013.000000
6724.000000
28300.000000
9665.000000
8747.000000
9680.000000
17798.000000
35168.000000
15900.000000
37613.000000
51909.000000
8464.000000
13799.000000
57827.000000
3497.000000
69818.000000
77571.000000
59431.000000
46429.000000
7717.000000
78641.000000
15866.000000
40646.000000
24276.000000
61307.000000
61851.000000
57812.000000
60971.000000
63816.000000
77146.000000
38456.000000
33868.000000
55202.000000
5193.000000
36894.000000
7675.000000
22293.000000
23706.000000
5953.000000
3926.000000
5807.000000
6966.000000
63274.000000
60566.000000
7128.000000
5555.000000
6120.000000
24518.000000
14280.000000
54418.000000
7620.000000
4597.000000
11350.000000
22323.000000
63959.000000
55194.000000
73180.000000
74167.000000
56471.000000
66877.000000
39660.000000
14401.000000
7584.000000
61802.000000
65369.000000
58092.000000
68090.000000
64190.000000
36828.000000
33158.000000
29015.000000
78781.000000
11199.000000
59719.000000
45877.000000
52649.000000
61714.000000
55117.000000
59513.000000
42568.000000
61959.000000
55793.000000
36344.000000
40603.000000
18700.000000
4585.000000
4090.000000
10574.000000
10005.000000
9313.000000
54743.000000
64964.000000
31881.000000
64986.000000
20008.000000
60691.000000
30000.000000
60711.000000
59424.000000
69796.000000
63927.000000
57402.000000
40929.000000
61068.000000
60753.000000
56668.000000
64523.000000
57130.000000
69900.000000
69882.000000
67968.000000
53919.000000
62140.000000
24494.000000
56821.000000
71742.000000
59315.000000
65469.000000
61073.000000
30123.000000
61778.000000
61647.000000
10959.000000
52217.000000
63489.000000
68835.000000
21556.000000
65011.000000
60902.000000
68692.000000
60327.000000
61981.000000
35121.000000
24501.000000
53760.000000
68121.000000
54289.000000
4866.000000
67587.000000
60706.000000
42155.000000
31793.000000
8480.000000
5348.000000
5918.000000
74564.000000
64533.000000
46154.000000
59012.000000
42004.000000
71843.000000
67329.000000
63805.000000
69450.000000
53704.000000
61019.000000
59147.000000
54653.000000
41361.000000
23017.000000
9415.000000
45664.000000
53356.000000
16463.000000
40787.000000
60739.000000
83603.000000
49179.000000
28956.000000
35878.000000
43466.000000
33760.000000
13146.000000
18687.000000
63544.000000
54358.000000
63214.000000
21795.000000
4585.000000
10574.000000
10005.000000
9313.000000
13548.000000
24464.000000
65804.000000
54190.000000
31697.000000
57685.000000
47540.000000
24149.000000
60837.000000
20386.000000
51220.000000
23380.000000
38314.000000
63003.000000
64657.000000
10959.000000
61188.000000
61550.000000
80069.000000
56975.000000
66592.000000
60594.000000
20924.000000
12235.000000
66828.000000
6771.000000
40320.000000
53674.000000
59549.000000
58030.000000
23315.000000
25538.000000
14222.000000
24092.000000
37928.000000
64469.000000
16436.000000
13567.000000
54366.000000
47141.000000
40476.000000
6097.000000
33990.000000
72925.000000
36368.000000
58030.000000
24219.000000
40778.000000
25538.000000
64410.000000
56917.000000
69131.000000
42648.000000
28952.000000
58050.000000
60585.000000
52240.000000
8148.000000
64099.000000
30279.000000
58522.000000
54577.000000
67067.000000
13604.000000
33535.000000
27905.000000
64613.000000
57056.000000
39085.000000
26976.000000
18405.000000
1942.000000
61194.000000
69145.000000
47471.000000
69784.000000
