0.000000
0.000000
0.000000
0.000000
170699.000000
16943.000000
28941.000000
20673.000000
5812.000000
27722.000000
13319.000000
23170.000000
42480.000000
30965.000000
26566.000000
36546.000000
30391.000000
33756.000000
11959.000000
29816.000000
14435.000000
34602.000000
5906.000000
29995.000000
28534.000000
28534.000000
30633.000000
39402.000000
16892.000000
36068.000000
24687.000000
37681.000000
31666.000000
31854.000000
37271.000000
42730.000000
39707.000000
42762.000000
33683.000000
33828.000000
38523.000000
30450.000000
36265.000000
18496.000000
32285.000000
9106.000000
26607.000000
30403.000000
31095.000000
35419.000000
14295.000000
32709.000000
38587.000000
33828.000000
28341.000000
29835.000000
36229.000000
35349.000000
25082.000000
25091.000000
26454.000000
33284.000000
30508.000000
45078.000000
34272.000000
36905.000000
42304.000000
25159.000000
32632.000000
32988.000000
14423.000000
26323.000000
49713.000000
42015.000000
19819.000000
27056.000000
148403.000000
34262.000000
36485.000000
34818.000000
29142.000000
34052.000000
32276.000000
7381.000000
18085.000000
3973.000000
26374.000000
29008.000000
28666.000000
9869.000000
6013.000000
2811.000000
24798.000000
9685.000000
23309.000000
29947.000000
34079.000000
33049.000000
6538.000000
6800.000000
4894.000000
11305.000000
35710.000000
4075.000000
3408.000000
30224.000000
13472.000000
29306.000000
40590.000000
42754.000000
23134.000000
21128.000000
18550.000000
35115.000000
29477.000000
32135.000000
1482.000000
37344.000000
33783.000000
35290.000000
32958.000000
22991.000000
37541.000000
37751.000000
28207.000000
27410.000000
19138.000000
5146.000000
23934.000000
33317.000000
38811.000000
23548.000000
35903.000000
21840.000000
26507.000000
25082.000000
30993.000000
32353.000000
37077.000000
9841.000000
9991.000000
3055.000000
32727.000000
31256.000000
31074.000000
19455.000000
28516.000000
32900.000000
26563.000000
32635.000000
30954.000000
33527.000000
24266.000000
43995.000000
36064.000000
35703.000000
37224.000000
36625.000000
30556.000000
33218.000000
25759.000000
24607.000000
15475.000000
14108.000000
48702.000000
26683.000000
32451.000000
23263.000000
9215.000000
28055.000000
28444.000000
35974.000000
28443.000000
34182.000000
22314.000000
58711.000000
19753.000000
36250.000000
31859.000000
17805.000000
29633.000000
29289.000000
58711.000000
24579.000000
38172.000000
43614.000000
15486.000000
21082.000000
27979.000000
38028.000000
5551.000000
6253.000000
5099.000000
18846.000000
7206.000000
6421.000000
10082.000000
13010.000000
29466.000000
13978.000000
27293.000000
38655.000000
6551.000000
17812.000000
33003.000000
3435.000000
27656.000000
32144.000000
28885.000000
27912.000000
4875.000000
39145.000000
16234.000000
40936.000000
26343.000000
33412.000000
26488.000000
26395.000000
33618.000000
31877.000000
39357.000000
24796.000000
22366.000000
36710.000000
4749.000000
27110.000000
7536.000000
14260.000000
15808.000000
4582.000000
2407.000000
7739.000000
6836.000000
28968.000000
26852.000000
6306.000000
4038.000000
4865.000000
17171.000000
11029.000000
25130.000000
5544.000000
4720.000000
10369.000000
15238.000000
29336.000000
27930.000000
38143.000000
29611.000000
34305.000000
38680.000000
29321.000000
12675.000000
8641.000000
21205.000000
41412.000000
34106.000000
39851.000000
30280.000000
26351.000000
13534.000000
19282.000000
28682.000000
10942.000000
34912.000000
22018.000000
28764.000000
37834.000000
28664.000000
57667.000000
33113.000000
25926.000000
32764.000000
20012.000000
22963.000000
24759.000000
4041.000000
3964.000000
8073.000000
7086.000000
9402.000000
34358.000000
36488.000000
29417.000000
33835.000000
13107.000000
35335.000000
21437.000000
31476.000000
31015.000000
33150.000000
26970.000000
26010.000000
29456.000000
28372.000000
30549.000000
27181.000000
34843.000000
42129.000000
26838.000000
36345.000000
33867.000000
36673.000000
26040.000000
16614.000000
23065.000000
40079.000000
33033.000000
30490.000000
28353.000000
25883.000000
29163.000000
29875.000000
11279.000000
35992.000000
31133.000000
37669.000000
15454.000000
26974.000000
29489.000000
30971.000000
34432.000000
30719.000000
46081.000000
39096.000000
30432.000000
34887.000000
28427.000000
6069.000000
35463.000000
27561.000000
27564.000000
24999.000000
6724.000000
5403.000000
4700.000000
30519.000000
30343.000000
33052.000000
32456.000000
37411.000000
28539.000000
31506.000000
33635.000000
31585.000000
40232.000000
37640.000000
33221.000000
31783.000000
29344.000000
19393.000000
7306.000000
34578.000000
37400.000000
13238.000000
32583.000000
27979.000000
30248.000000
35290.000000
21466.000000
32668.000000
21835.000000
22980.000000
14355.000000
25331.000000
30588.000000
32084.000000
37678.000000
19323.000000
4041.000000
8073.000000
7086.000000
9402.000000
13319.000000
13127.000000
30674.000000
31585.000000
29324.000000
42491.000000
27801.000000
17425.000000
27126.000000
16037.000000
27074.000000
27071.000000
18518.000000
39969.000000
33177.000000
11279.000000
31555.000000
38207.000000
33452.000000
32539.000000
30782.000000
27494.000000
24798.000000
11379.000000
29823.000000
5526.000000
21854.000000
35322.000000
31316.000000
30202.000000
14403.000000
20732.000000
8804.000000
19125.000000
23152.000000
37775.000000
24243.000000
9853.000000
36054.000000
25459.000000
22082.000000
9111.000000
30857.000000
33234.000000
30862.000000
30202.000000
14518.000000
20706.000000
20732.000000
31019.000000
30098.000000
26384.000000
45739.000000
32356.000000
31384.000000
30317.000000
36899.000000
8489.000000
35766.000000
21642.000000
30391.000000
23607.000000
32193.000000
14045.000000
21835.000000
19819.000000
32772.000000
34683.000000
39759.000000
24354.000000
21121.000000
1646.000000
29159.000000
34384.000000
29268.000000
33466.000000
