0.000000
0.000000
0.000000
0.000000
0.000000
0.000000
0.000000
0.000000
0.000000
0.000000
0.000000
0.000000
0.000000
0.000000
0.000000
0.000000
0.000000
0.000000
0.000000
0.000000
0.000000
0.000000
0.000000
0.000000
0.000000
0.000000
0.000000
0.000000
0.000000
0.000000
0.000000
0.000000
0.000000
0.000000
0.000000
0.000000
0.000000
0.000000
0.000000
0.000000
0.000000
0.000000
0.000000
0.000000
0.000000
0.000000
0.000000
0.000000
0.000000
1485106.000000
21184.000000
121476.000000
266293.000000
297115.000000
72434.000000
318574.000000
55653.000000
126542.000000
63462.000000
50075.000000
56855.000000
71549.000000
245397.000000
268566.000000
91887.000000
82033.000000
190507.000000
37898.000000
302961.000000
84894.000000
19242.000000
117983.000000
56435.000000
162309.000000
32008.000000
67950.000000
72344.000000
137865.000000
233242.000000
101957.000000
121616.000000
255269.000000
349178.000000
10781.000000
13572.000000
6172.000000
42300.000000
207046.000000
103671.000000
7660.000000
6530.000000
4767.000000
31072.000000
15150.000000
63644.000000
112349.000000
139687.000000
163150.000000
7411.000000
7127.000000
5211.000000
10261.000000
203095.000000
5204.000000
3758.000000
51139.000000
20494.000000
187990.000000
264240.000000
81864.000000
106275.000000
42648.000000
18121.000000
221034.000000
71828.000000
301269.000000
2297.000000
331715.000000
189217.000000
117284.000000
174914.000000
76749.000000
98027.000000
61598.000000
54355.000000
54388.000000
189981.000000
8242.000000
171940.000000
171811.000000
266817.000000
68668.000000
284550.000000
176288.000000
35370.000000
63462.000000
255758.000000
258483.000000
181686.000000
12977.000000
9655.000000
5866.000000
111997.000000
68497.000000
153289.000000
129938.000000
148658.000000
167766.000000
54610.000000
175802.000000
131619.000000
284563.000000
39527.000000
287940.000000
323621.000000
162470.000000
273763.000000
122196.000000
98649.000000
106322.000000
71099.000000
39815.000000
28433.000000
15139.000000
237182.000000
92536.000000
220558.000000
46161.000000
9531.000000
245088.000000
224549.000000
1454421.000000
87994.000000
239925.000000
44559.000000
192576.000000
46300.000000
317437.000000
215877.000000
23860.000000
267868.000000
297602.000000
192336.000000
71031.000000
174277.000000
86683.000000
25665.000000
39816.000000
32552.000000
108575.000000
6703.000000
5429.000000
6330.000000
28588.000000
9322.000000
8059.000000
9952.000000
21072.000000
46336.000000
16375.000000
39510.000000
61093.000000
8235.000000
15830.000000
112627.000000
3918.000000
158278.000000
212685.000000
207202.000000
73190.000000
9547.000000
246771.000000
19729.000000
56104.000000
45320.000000
113771.000000
270938.000000
98013.000000
182723.000000
314065.000000
292811.000000
43430.000000
27806.000000
286278.000000
5129.000000
50721.000000
9333.000000
21497.000000
21884.000000
6611.000000
4902.000000
5244.000000
6961.000000
132541.000000
89012.000000
7362.000000
5254.000000
4491.000000
25082.000000
15070.000000
119724.000000
6533.000000
5857.000000
9823.000000
19489.000000
181795.000000
88420.000000
281338.000000
179921.000000
143386.000000
265976.000000
45739.000000
14164.000000
6689.000000
278000.000000
163473.000000
48697.000000
99349.000000
307216.000000
35435.000000
25837.000000
23561.000000
147837.000000
10878.000000
120150.000000
40385.000000
163648.000000
163784.000000
197180.000000
130194.000000
49031.000000
121240.000000
115208.000000
22929.000000
36387.000000
28956.000000
5510.000000
7207.000000
6736.000000
8679.000000
8720.000000
138621.000000
258074.000000
40384.000000
271471.000000
15701.000000
107122.000000
31837.000000
153123.000000
142706.000000
232176.000000
188734.000000
218297.000000
38886.000000
101090.000000
238520.000000
183368.000000
294646.000000
125344.000000
302756.000000
296777.000000
242904.000000
194373.000000
254046.000000
25222.000000
206499.000000
257764.000000
103453.000000
264588.000000
116586.000000
33177.000000
120521.000000
167920.000000
11900.000000
189508.000000
177089.000000
222625.000000
20538.000000
183858.000000
230580.000000
242576.000000
181973.000000
236085.000000
30031.000000
37713.000000
93347.000000
266098.000000
72321.000000
7333.000000
287945.000000
142771.000000
70652.000000
44332.000000
8518.000000
5889.000000
5862.000000
263937.000000
131578.000000
85533.000000
50581.000000
51203.000000
264662.000000
213994.000000
79714.000000
277844.000000
237949.000000
122084.000000
155456.000000
178465.000000
51109.000000
21250.000000
10927.000000
83505.000000
100230.000000
10521.000000
66842.000000
322346.000000
107764.000000
117284.000000
27231.000000
29971.000000
79878.000000
33691.000000
12567.000000
28234.000000
237543.000000
103486.000000
86534.000000
26502.000000
5510.000000
6736.000000
8679.000000
8720.000000
18915.000000
22824.000000
268195.000000
277299.000000
37143.000000
290053.000000
96255.000000
22207.000000
248205.000000
23688.000000
89044.000000
38852.000000
37022.000000
271428.000000
269169.000000
11900.000000
261932.000000
272360.000000
294307.000000
63442.000000
233142.000000
223768.000000
31072.000000
10267.000000
131131.000000
4388.000000
33580.000000
81970.000000
216558.000000
289740.000000
25006.000000
36750.000000
11353.000000
24037.000000
47605.000000
274163.000000
16621.000000
17587.000000
159150.000000
95268.000000
53003.000000
7540.000000
38106.000000
321498.000000
48685.000000
289755.000000
24634.000000
32673.000000
36750.000000
141917.000000
245868.000000
81211.000000
66197.000000
80897.000000
223767.000000
212113.000000
123457.000000
11080.000000
131195.000000
31104.000000
271485.000000
69104.000000
262267.000000
12513.000000
78266.000000
32008.000000
151166.000000
103880.000000
61707.000000
33489.000000
23820.000000
1970.000000
165103.000000
281020.000000
128556.000000
260765.000000
