0.000000
0.000000
0.000000
0.000000
0.000000
0.000000
0.000000
0.000000
0.000000
0.000000
0.000000
0.000000
0.000000
0.000000
0.000000
0.000000
0.000000
0.000000
0.000000
0.000000
0.000000
0.000000
0.000000
0.000000
0.000000
0.000000
0.000000
0.000000
0.000000
0.000000
0.000000
0.000000
0.000000
0.000000
0.000000
0.000000
0.000000
0.000000
0.000000
0.000000
0.000000
0.000000
0.000000
0.000000
0.000000
0.000000
0.000000
0.000000
0.000000
0.000000
86408.000000
16571.000000
26341.000000
20217.000000
19274.000000
22426.000000
19080.000000
15605.000000
18577.000000
16940.000000
16979.000000
21123.000000
25227.000000
14626.000000
15328.000000
26403.000000
23337.000000
14486.000000
23219.000000
24195.000000
13637.000000
19279.000000
16918.000000
21276.000000
14486.000000
15744.000000
13872.000000
15088.000000
19022.000000
20402.000000
22927.000000
18597.000000
22316.000000
7708.000000
12932.000000
4231.000000
13978.000000
16604.000000
22013.000000
7971.000000
6357.000000
5026.000000
14169.000000
5887.000000
20737.000000
18596.000000
20367.000000
18030.000000
6970.000000
4156.000000
4683.000000
8552.000000
17637.000000
4280.000000
3870.000000
13148.000000
13288.000000
21679.000000
25950.000000
20998.000000
10562.000000
20440.000000
12379.000000
16164.000000
21877.000000
20091.000000
914.000000
19012.000000
20425.000000
17885.000000
23609.000000
17574.000000
19768.000000
17631.000000
19594.000000
18812.000000
18713.000000
6000.000000
16022.000000
18646.000000
18960.000000
23874.000000
26642.000000
19498.000000
14336.000000
18577.000000
19213.000000
18189.000000
21204.000000
7061.000000
9039.000000
4950.000000
22841.000000
17126.000000
17200.000000
20738.000000
15998.000000
14727.000000
15860.000000
23609.000000
18636.000000
19513.000000
8871.000000
19913.000000
23378.000000
22054.000000
23359.000000
17435.000000
21045.000000
18264.000000
12851.000000
18373.000000
12423.000000
10504.000000
24085.000000
17033.000000
21254.000000
13963.000000
7391.000000
27178.000000
20356.000000
18814.000000
20135.000000
19763.000000
14699.000000
18751.000000
16540.000000
18816.000000
22493.000000
14325.000000
17530.000000
20815.000000
19055.000000
22557.000000
18990.000000
22107.000000
11773.000000
13431.000000
10634.000000
19855.000000
7131.000000
5702.000000
6195.000000
17913.000000
9259.000000
9544.000000
9051.000000
13776.000000
18846.000000
11243.000000
12363.000000
21676.000000
6564.000000
11190.000000
22574.000000
5224.000000
18440.000000
24136.000000
15443.000000
19515.000000
7210.000000
24112.000000
16625.000000
15388.000000
19870.000000
18592.000000
22434.000000
24231.000000
24118.000000
22493.000000
18819.000000
22238.000000
15236.000000
19827.000000
5130.000000
16056.000000
5861.000000
12880.000000
11337.000000
5246.000000
3009.000000
6096.000000
6939.000000
20803.000000
17862.000000
7059.000000
4900.000000
4808.000000
15494.000000
7940.000000
22141.000000
5391.000000
4210.000000
6870.000000
11407.000000
19929.000000
19969.000000
23545.000000
23471.000000
21591.000000
23099.000000
21443.000000
10998.000000
5892.000000
22055.000000
18365.000000
20096.000000
23810.000000
17720.000000
18419.000000
10376.000000
16525.000000
19712.000000
9184.000000
21192.000000
16532.000000
24874.000000
16238.000000
18110.000000
20934.000000
13052.000000
20723.000000
20598.000000
15361.000000
15446.000000
14348.000000
4248.000000
3371.000000
6912.000000
9417.000000
7015.000000
20832.000000
18288.000000
22437.000000
22811.000000
13830.000000
16672.000000
14299.000000
22078.000000
18131.000000
19547.000000
22141.000000
17735.000000
14769.000000
17548.000000
21586.000000
24849.000000
18091.000000
23722.000000
21046.000000
20007.000000
21523.000000
23593.000000
21691.000000
18336.000000
21957.000000
17716.000000
18020.000000
29105.000000
19211.000000
16889.000000
13857.000000
20887.000000
10562.000000
17234.000000
23996.000000
22899.000000
10289.000000
19222.000000
20220.000000
19680.000000
20573.000000
23230.000000
18207.000000
19354.000000
13486.000000
15126.000000
14489.000000
6706.000000
19504.000000
21039.000000
21638.000000
22974.000000
5823.000000
5426.000000
6987.000000
21643.000000
16981.000000
15131.000000
20344.000000
18117.000000
16733.000000
23773.000000
19564.000000
17288.000000
16910.000000
13867.000000
21682.000000
15441.000000
10372.000000
15979.000000
9838.000000
18318.000000
16148.000000
6828.000000
22254.000000
23199.000000
20502.000000
17885.000000
15566.000000
17673.000000
14905.000000
19532.000000
6128.000000
14348.000000
18554.000000
15827.000000
23797.000000
16978.000000
4248.000000
6912.000000
9417.000000
7015.000000
13503.000000
13172.000000
17260.000000
23742.000000
17115.000000
24575.000000
16591.000000
11380.000000
18606.000000
20874.000000
17027.000000
13190.000000
14792.000000
19980.000000
22668.000000
10562.000000
23800.000000
28161.000000
19623.000000
14542.000000
24950.000000
16916.000000
14169.000000
8216.000000
20032.000000
5421.000000
14366.000000
14989.000000
19702.000000
19345.000000
17847.000000
13617.000000
8853.000000
13239.000000
18742.000000
17713.000000
7438.000000
8519.000000
13805.000000
19462.000000
21416.000000
4583.000000
15833.000000
22797.000000
23308.000000
19345.000000
16922.000000
14101.000000
13617.000000
24625.000000
23906.000000
18358.000000
17702.000000
17352.000000
19864.000000
16473.000000
15597.000000
6459.000000
18871.000000
16940.000000
21228.000000
18321.000000
23936.000000
6204.000000
12913.000000
14486.000000
20830.000000
18292.000000
17794.000000
12001.000000
12815.000000
1614.000000
19362.000000
19924.000000
16942.000000
23535.000000
