0.000000
0.000000
0.000000
0.000000
0.000000
0.000000
0.000000
0.000000
0.000000
0.000000
0.000000
0.000000
0.000000
0.000000
0.000000
0.000000
0.000000
0.000000
0.000000
0.000000
0.000000
0.000000
0.000000
0.000000
0.000000
0.000000
0.000000
0.000000
0.000000
0.000000
0.000000
0.000000
0.000000
0.000000
0.000000
0.000000
0.000000
0.000000
0.000000
0.000000
0.000000
0.000000
0.000000
0.000000
0.000000
0.000000
0.000000
0.000000
0.000000
0.000000
0.000000
626087.000000
119991.000000
129577.000000
49583.000000
126496.000000
52672.000000
92226.000000
59343.000000
38765.000000
69987.000000
103166.000000
99657.000000
116605.000000
68088.000000
88308.000000
81963.000000
49037.000000
106636.000000
80982.000000
19258.000000
102140.000000
60757.000000
118122.000000
33812.000000
61867.000000
72630.000000
90496.000000
160885.000000
92880.000000
96025.000000
120691.000000
120747.000000
15215.000000
19355.000000
5218.000000
46047.000000
75163.000000
91922.000000
6951.000000
7858.000000
4961.000000
19578.000000
4615.000000
70324.000000
82013.000000
83897.000000
120610.000000
6382.000000
5313.000000
3784.000000
10928.000000
117206.000000
5533.000000
6266.000000
56265.000000
15628.000000
113723.000000
120462.000000
52846.000000
83527.000000
49217.000000
15886.000000
88610.000000
68256.000000
125211.000000
1828.000000
145339.000000
103110.000000
85633.000000
109757.000000
58700.000000
96945.000000
77283.000000
61440.000000
60555.000000
101519.000000
3862.000000
98422.000000
105317.000000
121150.000000
57924.000000
138612.000000
94193.000000
39704.000000
59343.000000
113165.000000
93981.000000
142391.000000
11237.000000
7442.000000
4554.000000
101530.000000
73463.000000
117503.000000
69307.000000
90036.000000
80735.000000
47860.000000
110244.000000
110688.000000
106610.000000
27557.000000
113281.000000
141749.000000
106056.000000
123398.000000
81756.000000
76768.000000
80396.000000
68785.000000
41191.000000
28861.000000
14307.000000
118201.000000
68578.000000
85844.000000
45772.000000
11720.000000
129104.000000
121322.000000
122233.000000
75878.000000
98006.000000
45368.000000
122292.000000
46544.000000
125766.000000
119410.000000
30260.000000
102767.000000
126369.000000
121107.000000
76485.000000
113113.000000
92187.000000
24755.000000
30721.000000
45722.000000
99183.000000
5177.000000
5019.000000
6412.000000
27524.000000
8850.000000
9313.000000
9005.000000
18552.000000
43304.000000
20905.000000
47617.000000
65735.000000
8730.000000
10662.000000
105449.000000
4480.000000
130696.000000
106846.000000
100392.000000
60466.000000
6271.000000
145837.000000
16057.000000
47755.000000
39006.000000
94532.000000
128186.000000
83420.000000
121560.000000
155224.000000
139329.000000
46371.000000
31773.000000
148529.000000
5186.000000
42766.000000
7891.000000
18886.000000
21086.000000
4531.000000
4560.000000
6623.000000
5900.000000
88922.000000
93124.000000
6261.000000
4162.000000
6012.000000
32163.000000
10006.000000
97207.000000
7280.000000
3979.000000
17038.000000
23454.000000
86271.000000
99046.000000
122019.000000
115237.000000
115029.000000
133568.000000
39446.000000
17249.000000
8151.000000
120100.000000
92764.000000
48535.000000
80649.000000
115410.000000
36108.000000
28306.000000
34568.000000
105189.000000
16342.000000
96651.000000
50579.000000
109036.000000
108448.000000
109877.000000
98866.000000
57001.000000
114874.000000
100424.000000
36890.000000
41447.000000
18968.000000
5802.000000
6078.000000
8889.000000
8622.000000
9084.000000
89914.000000
104593.000000
33638.000000
120575.000000
21833.000000
106704.000000
32909.000000
109036.000000
126511.000000
123548.000000
101094.000000
110885.000000
48442.000000
97385.000000
143298.000000
111019.000000
126083.000000
107301.000000
102761.000000
127395.000000
123322.000000
115997.000000
135834.000000
14538.000000
98632.000000
121657.000000
124705.000000
108903.000000
103321.000000
26097.000000
99479.000000
119304.000000
17454.000000
117364.000000
122674.000000
115622.000000
16913.000000
118497.000000
116625.000000
99757.000000
139621.000000
120396.000000
53635.000000
37132.000000
66022.000000
97610.000000
70387.000000
6045.000000
116427.000000
88914.000000
47908.000000
37888.000000
10435.000000
5244.000000
5202.000000
135850.000000
111903.000000
75807.000000
81674.000000
60279.000000
118813.000000
91761.000000
72277.000000
122189.000000
114460.000000
116498.000000
83115.000000
93264.000000
53257.000000
27957.000000
9749.000000
96206.000000
63621.000000
13768.000000
61135.000000
106084.000000
60429.000000
85633.000000
29022.000000
24955.000000
82888.000000
33959.000000
12020.000000
18968.000000
140031.000000
88946.000000
94063.000000
26581.000000
5802.000000
8889.000000
8622.000000
9084.000000
12701.000000
17644.000000
126168.000000
121317.000000
38330.000000
141965.000000
87725.000000
23717.000000
99807.000000
26236.000000
83660.000000
37133.000000
34599.000000
146962.000000
112434.000000
17454.000000
87140.000000
147602.000000
141753.000000
62855.000000
124949.000000
97811.000000
19578.000000
9842.000000
108809.000000
6892.000000
40110.000000
85537.000000
83163.000000
118318.000000
28896.000000
30573.000000
12062.000000
23065.000000
46568.000000
129317.000000
22682.000000
12792.000000
88764.000000
76200.000000
54227.000000
5060.000000
33469.000000
139993.000000
33444.000000
118318.000000
28767.000000
39923.000000
30689.000000
113059.000000
94573.000000
80436.000000
55175.000000
60788.000000
84772.000000
94615.000000
95636.000000
11000.000000
88114.000000
20419.000000
100860.000000
66923.000000
122451.000000
12021.000000
81739.000000
33812.000000
110975.000000
75087.000000
54968.000000
33553.000000
26925.000000
3141.000000
107935.000000
106239.000000
80006.000000
126991.000000
