0.000000
0.000000
0.000000
0.000000
0.000000
0.000000
0.000000
0.000000
0.000000
0.000000
0.000000
0.000000
0.000000
0.000000
0.000000
0.000000
0.000000
0.000000
0.000000
0.000000
0.000000
0.000000
0.000000
0.000000
0.000000
0.000000
0.000000
0.000000
0.000000
0.000000
0.000000
0.000000
0.000000
0.000000
0.000000
0.000000
0.000000
0.000000
0.000000
0.000000
0.000000
0.000000
0.000000
0.000000
0.000000
0.000000
0.000000
0.000000
0.000000
0.000000
0.000000
0.000000
4448461.000000
378723.000000
87808.000000
832362.000000
58285.000000
158421.000000
65336.000000
56259.000000
70902.000000
111107.000000
243363.000000
554291.000000
105767.000000
103994.000000
224472.000000
53463.000000
381957.000000
81365.000000
19603.000000
122743.000000
64249.000000
173172.000000
44194.000000
59338.000000
71772.000000
155127.000000
294024.000000
110894.000000
129676.000000
503542.000000
994964.000000
10936.000000
19416.000000
7041.000000
62510.000000
249818.000000
115353.000000
9177.000000
5379.000000
4686.000000
37482.000000
14596.000000
71362.000000
134624.000000
132435.000000
161436.000000
6911.000000
6408.000000
5487.000000
11871.000000
211194.000000
5482.000000
5919.000000
54623.000000
18957.000000
183301.000000
751675.000000
78731.000000
137029.000000
56074.000000
24078.000000
384487.000000
85242.000000
485948.000000
1581.000000
815411.000000
228308.000000
115542.000000
223360.000000
82302.000000
140373.000000
67459.000000
64936.000000
68621.000000
157567.000000
7116.000000
205911.000000
236648.000000
383053.000000
68853.000000
809664.000000
208010.000000
40304.000000
65336.000000
611657.000000
721624.000000
190075.000000
12142.000000
10843.000000
6098.000000
125677.000000
70351.000000
203422.000000
128859.000000
192633.000000
210540.000000
54108.000000
224065.000000
136646.000000
273394.000000
40760.000000
805094.000000
621898.000000
275558.000000
892121.000000
267037.000000
101755.000000
156046.000000
113713.000000
51432.000000
23583.000000
22965.000000
316265.000000
113615.000000
353866.000000
62814.000000
10130.000000
524654.000000
259287.000000
261866.000000
92192.000000
297054.000000
57127.000000
193595.000000
50008.000000
838127.000000
268541.000000
25904.000000
271716.000000
616120.000000
211563.000000
103959.000000
198950.000000
81229.000000
17123.000000
40802.000000
44206.000000
122088.000000
6801.000000
6589.000000
10234.000000
34906.000000
12407.000000
11596.000000
8988.000000
21835.000000
43855.000000
20583.000000
48191.000000
88582.000000
7137.000000
18442.000000
148241.000000
3038.000000
179019.000000
194068.000000
292805.000000
78814.000000
8026.000000
948623.000000
20513.000000
58871.000000
54979.000000
143827.000000
391364.000000
135494.000000
207593.000000
866570.000000
964386.000000
47187.000000
40802.000000
484002.000000
5683.000000
49364.000000
10086.000000
25515.000000
18996.000000
6538.000000
4898.000000
5902.000000
6731.000000
120218.000000
86616.000000
8654.000000
5921.000000
5045.000000
34645.000000
10208.000000
121970.000000
8020.000000
5724.000000
13781.000000
21129.000000
168676.000000
103470.000000
804511.000000
217391.000000
158393.000000
424350.000000
56550.000000
15757.000000
9155.000000
484681.000000
161861.000000
45446.000000
108234.000000
743469.000000
45336.000000
37107.000000
23951.000000
178935.000000
13353.000000
114110.000000
51097.000000
195259.000000
199171.000000
191069.000000
115087.000000
51875.000000
136761.000000
120240.000000
33881.000000
46149.000000
37694.000000
6121.000000
4908.000000
7436.000000
8768.000000
8369.000000
139089.000000
475927.000000
53038.000000
414110.000000
21446.000000
126416.000000
44734.000000
179532.000000
199701.000000
862204.000000
155860.000000
259605.000000
61453.000000
84429.000000
388829.000000
201272.000000
736186.000000
119360.000000
356556.000000
956170.000000
374326.000000
176031.000000
273162.000000
28420.000000
183840.000000
437691.000000
119832.000000
307851.000000
120282.000000
38223.000000
139598.000000
197622.000000
13701.000000
229070.000000
188865.000000
303416.000000
22672.000000
195847.000000
344362.000000
341449.000000
202966.000000
256203.000000
81681.000000
61256.000000
121631.000000
544669.000000
104522.000000
5907.000000
973415.000000
175960.000000
65803.000000
42148.000000
10588.000000
5523.000000
8550.000000
479901.000000
179225.000000
118684.000000
76139.000000
74461.000000
733045.000000
284360.000000
85772.000000
781293.000000
478461.000000
148448.000000
192418.000000
248509.000000
53510.000000
24664.000000
8950.000000
98222.000000
125998.000000
16373.000000
73486.000000
477119.000000
96657.000000
115542.000000
27594.000000
46695.000000
117205.000000
57077.000000
17683.000000
38837.000000
301347.000000
109135.000000
108962.000000
28589.000000
6121.000000
7436.000000
8768.000000
8369.000000
17874.000000
23520.000000
861213.000000
478581.000000
39991.000000
775633.000000
145876.000000
22364.000000
305565.000000
32212.000000
89993.000000
36408.000000
40389.000000
871615.000000
450434.000000
13701.000000
473060.000000
434189.000000
887528.000000
65451.000000
321998.000000
302930.000000
37482.000000
11985.000000
170223.000000
9319.000000
34618.000000
96532.000000
248568.000000
768314.000000
29586.000000
36873.000000
12356.000000
26421.000000
43500.000000
576959.000000
18333.000000
16014.000000
282104.000000
115015.000000
60919.000000
10038.000000
36390.000000
843276.000000
42131.000000
770188.000000
29554.000000
34543.000000
36873.000000
145875.000000
425195.000000
85784.000000
121878.000000
139395.000000
243649.000000
525473.000000
174936.000000
9005.000000
130337.000000
37262.000000
377459.000000
67873.000000
321797.000000
17398.000000
131108.000000
44194.000000
168271.000000
108995.000000
70544.000000
51286.000000
23921.000000
2797.000000
163455.000000
265552.000000
125917.000000
446569.000000
