0.000000
0.000000
0.000000
0.000000
0.000000
0.000000
0.000000
0.000000
0.000000
0.000000
0.000000
0.000000
0.000000
0.000000
0.000000
0.000000
0.000000
0.000000
0.000000
0.000000
0.000000
0.000000
0.000000
0.000000
0.000000
0.000000
0.000000
0.000000
0.000000
0.000000
0.000000
0.000000
0.000000
0.000000
0.000000
0.000000
0.000000
0.000000
0.000000
0.000000
0.000000
0.000000
0.000000
0.000000
0.000000
0.000000
0.000000
0.000000
0.000000
0.000000
0.000000
0.000000
0.000000
1942139.000000
61438.000000
413748.000000
73092.000000
129873.000000
62877.000000
53726.000000
61047.000000
118372.000000
203011.000000
410150.000000
109415.000000
94121.000000
164673.000000
52933.000000
288981.000000
88371.000000
21967.000000
159789.000000
64875.000000
188600.000000
29739.000000
67613.000000
77892.000000
105655.000000
238764.000000
116114.000000
136065.000000
335665.000000
381310.000000
12931.000000
16711.000000
5438.000000
54462.000000
225725.000000
123820.000000
10767.000000
7224.000000
4431.000000
29397.000000
11018.000000
73019.000000
171659.000000
126824.000000
152771.000000
7016.000000
5292.000000
7062.000000
12899.000000
250596.000000
5031.000000
5681.000000
63587.000000
17228.000000
185980.000000
350367.000000
72841.000000
131124.000000
57049.000000
19406.000000
269436.000000
93818.000000
404400.000000
1778.000000
409284.000000
184566.000000
123498.000000
191589.000000
60802.000000
130920.000000
77846.000000
67305.000000
61732.000000
191823.000000
6272.000000
215599.000000
221394.000000
305777.000000
51938.000000
382151.000000
200920.000000
34225.000000
62877.000000
357261.000000
340367.000000
218778.000000
11578.000000
9848.000000
5696.000000
135301.000000
77111.000000
194552.000000
115102.000000
158316.000000
159976.000000
62384.000000
213397.000000
155082.000000
253512.000000
26524.000000
370613.000000
377366.000000
285878.000000
357332.000000
140133.000000
121567.000000
153457.000000
85559.000000
36985.000000
28938.000000
18922.000000
291289.000000
109565.000000
316656.000000
47490.000000
13859.000000
363305.000000
252898.000000
296210.000000
97237.000000
271953.000000
51598.000000
238385.000000
44063.000000
377528.000000
204649.000000
33058.000000
271178.000000
376581.000000
237516.000000
101028.000000
232522.000000
91725.000000
27655.000000
38375.000000
46318.000000
122945.000000
5636.000000
5418.000000
7390.000000
33983.000000
12279.000000
7200.000000
10163.000000
19778.000000
46754.000000
22685.000000
53415.000000
69777.000000
9491.000000
11182.000000
178938.000000
4242.000000
177988.000000
220314.000000
280359.000000
85449.000000
8247.000000
399398.000000
21803.000000
60628.000000
42748.000000
148545.000000
336007.000000
108877.000000
227646.000000
422330.000000
440964.000000
44152.000000
38371.000000
385993.000000
6759.000000
45941.000000
12306.000000
20743.000000
18338.000000
7609.000000
3213.000000
6898.000000
7448.000000
143456.000000
113084.000000
8952.000000
5045.000000
3988.000000
32839.000000
14292.000000
112469.000000
8719.000000
5945.000000
10844.000000
20662.000000
186573.000000
102746.000000
391635.000000
224307.000000
137128.000000
305316.000000
49089.000000
12127.000000
10226.000000
379150.000000
163837.000000
45035.000000
117493.000000
394350.000000
37576.000000
37051.000000
31078.000000
191963.000000
14142.000000
115766.000000
63631.000000
168119.000000
207209.000000
189567.000000
131768.000000
55145.000000
145159.000000
160804.000000
33964.000000
43275.000000
28493.000000
5219.000000
4760.000000
7054.000000
8591.000000
9236.000000
110285.000000
383948.000000
50011.000000
340896.000000
22082.000000
118796.000000
39871.000000
164505.000000
171350.000000
339146.000000
178158.000000
243898.000000
48302.000000
107136.000000
320408.000000
222802.000000
408077.000000
133730.000000
269616.000000
382640.000000
316323.000000
163039.000000
265566.000000
22775.000000
164837.000000
367617.000000
131028.000000
272956.000000
122110.000000
34681.000000
151432.000000
186960.000000
12519.000000
223223.000000
185090.000000
216573.000000
21565.000000
191774.000000
343055.000000
270532.000000
224774.000000
262808.000000
65046.000000
59536.000000
109787.000000
383534.000000
88928.000000
4623.000000
426237.000000
165408.000000
72980.000000
40307.000000
9818.000000
6400.000000
5569.000000
368203.000000
167312.000000
103077.000000
83878.000000
49160.000000
379870.000000
270828.000000
97271.000000
384220.000000
361664.000000
130469.000000
180183.000000
227826.000000
69580.000000
32951.000000
14444.000000
77331.000000
128742.000000
12698.000000
59311.000000
317811.000000
125914.000000
123498.000000
28732.000000
36261.000000
97826.000000
54277.000000
14264.000000
28549.000000
310710.000000
134152.000000
121774.000000
24147.000000
5219.000000
7054.000000
8591.000000
9236.000000
19026.000000
23852.000000
408217.000000
319158.000000
40651.000000
402807.000000
138138.000000
23942.000000
198576.000000
32065.000000
109129.000000
36556.000000
42940.000000
458110.000000
359061.000000
12519.000000
279412.000000
382522.000000
431895.000000
72644.000000
304746.000000
265981.000000
29397.000000
12189.000000
161026.000000
8234.000000
46504.000000
95932.000000
280825.000000
455327.000000
31774.000000
25240.000000
14586.000000
25253.000000
43455.000000
370827.000000
26348.000000
13830.000000
230934.000000
100218.000000
60468.000000
5023.000000
37043.000000
409535.000000
44314.000000
455327.000000
31872.000000
46873.000000
25240.000000
142126.000000
314699.000000
98466.000000
97955.000000
112037.000000
267964.000000
346589.000000
145951.000000
12991.000000
141805.000000
31141.000000
311461.000000
70244.000000
319127.000000
14264.000000
101162.000000
29739.000000
185674.000000
110289.000000
64166.000000
26429.000000
24041.000000
2995.000000
192864.000000
264461.000000
110618.000000
385859.000000
