0.000000
0.000000
0.000000
0.000000
0.000000
0.000000
0.000000
0.000000
0.000000
0.000000
0.000000
0.000000
0.000000
0.000000
0.000000
0.000000
0.000000
0.000000
0.000000
0.000000
0.000000
0.000000
0.000000
0.000000
0.000000
0.000000
0.000000
0.000000
0.000000
0.000000
0.000000
0.000000
0.000000
0.000000
0.000000
0.000000
0.000000
0.000000
0.000000
0.000000
0.000000
0.000000
0.000000
0.000000
0.000000
0.000000
0.000000
0.000000
0.000000
0.000000
0.000000
0.000000
0.000000
0.000000
461942.000000
69911.000000
56021.000000
58506.000000
47189.000000
31990.000000
56297.000000
60831.000000
93079.000000
68354.000000
69164.000000
47763.000000
73318.000000
30689.000000
72483.000000
51838.000000
20016.000000
52490.000000
39287.000000
77342.000000
50034.000000
43996.000000
55010.000000
58432.000000
73711.000000
65286.000000
84169.000000
74190.000000
94517.000000
8829.000000
19036.000000
4661.000000
32402.000000
48998.000000
57928.000000
10813.000000
4297.000000
3686.000000
25905.000000
9570.000000
38137.000000
58479.000000
65446.000000
72422.000000
5963.000000
5080.000000
4716.000000
10239.000000
66024.000000
4511.000000
4889.000000
32644.000000
16267.000000
85647.000000
91805.000000
59251.000000
57072.000000
26053.000000
16518.000000
65242.000000
49354.000000
77562.000000
1945.000000
91791.000000
72612.000000
56758.000000
65464.000000
62832.000000
58043.000000
31874.000000
42330.000000
40858.000000
64683.000000
7509.000000
101609.000000
77712.000000
90875.000000
43994.000000
83460.000000
64810.000000
35590.000000
47189.000000
68895.000000
80470.000000
55518.000000
8370.000000
6011.000000
3411.000000
72567.000000
39138.000000
50946.000000
73647.000000
71328.000000
64171.000000
40574.000000
64201.000000
73188.000000
79525.000000
16523.000000
74055.000000
74940.000000
84664.000000
82632.000000
78657.000000
65778.000000
53467.000000
51419.000000
31631.000000
19788.000000
13851.000000
75591.000000
51092.000000
76084.000000
37428.000000
11041.000000
67465.000000
62164.000000
81740.000000
59145.000000
75817.000000
47216.000000
71206.000000
60658.000000
83239.000000
96463.000000
19640.000000
96824.000000
93087.000000
71083.000000
52310.000000
62108.000000
48526.000000
15861.000000
33850.000000
30004.000000
51557.000000
5772.000000
5221.000000
6438.000000
20967.000000
7190.000000
8363.000000
9380.000000
17464.000000
38505.000000
18753.000000
36751.000000
58299.000000
9192.000000
9612.000000
78288.000000
4124.000000
56020.000000
60398.000000
43727.000000
77589.000000
6075.000000
68608.000000
20275.000000
37301.000000
45911.000000
58415.000000
51339.000000
61546.000000
62123.000000
75091.000000
73589.000000
24383.000000
22624.000000
92988.000000
4839.000000
32154.000000
8732.000000
14724.000000
18436.000000
7597.000000
3773.000000
5391.000000
7171.000000
50375.000000
42021.000000
5481.000000
4096.000000
4921.000000
16299.000000
9992.000000
50248.000000
7630.000000
3199.000000
8629.000000
21685.000000
77745.000000
51266.000000
71020.000000
85136.000000
54770.000000
68247.000000
34426.000000
12995.000000
7326.000000
63375.000000
48429.000000
33015.000000
58444.000000
67877.000000
33522.000000
22398.000000
21686.000000
66668.000000
12137.000000
66384.000000
25237.000000
57393.000000
53102.000000
53993.000000
47948.000000
30658.000000
40409.000000
44938.000000
17357.000000
26057.000000
24420.000000
3806.000000
3571.000000
11001.000000
8312.000000
7174.000000
67653.000000
84554.000000
54356.000000
73306.000000
21442.000000
64675.000000
24072.000000
68002.000000
78225.000000
72641.000000
76405.000000
71043.000000
32151.000000
40801.000000
62203.000000
69951.000000
74563.000000
75008.000000
64117.000000
82882.000000
78422.000000
81402.000000
62492.000000
22552.000000
73380.000000
69008.000000
62841.000000
77684.000000
61362.000000
25023.000000
61640.000000
66977.000000
8269.000000
48082.000000
59607.000000
78982.000000
18259.000000
68334.000000
51806.000000
67192.000000
70333.000000
63762.000000
59320.000000
37841.000000
78676.000000
67629.000000
50261.000000
7539.000000
77808.000000
49232.000000
59444.000000
27802.000000
9798.000000
5977.000000
6363.000000
83553.000000
53108.000000
41949.000000
47518.000000
43463.000000
79364.000000
78398.000000
40780.000000
70499.000000
52042.000000
62280.000000
74585.000000
64570.000000
45877.000000
20263.000000
9687.000000
50563.000000
55511.000000
16892.000000
49295.000000
88250.000000
61082.000000
56758.000000
20663.000000
26125.000000
43941.000000
36096.000000
11528.000000
24469.000000
77338.000000
54984.000000
67676.000000
23123.000000
3806.000000
11001.000000
8312.000000
7174.000000
14049.000000
18071.000000
90720.000000
81103.000000
24439.000000
83112.000000
55048.000000
15826.000000
67833.000000
16632.000000
51825.000000
21660.000000
24292.000000
81670.000000
89129.000000
8269.000000
75670.000000
109162.000000
72174.000000
56176.000000
67868.000000
86970.000000
25905.000000
10001.000000
44615.000000
6143.000000
18472.000000
52944.000000
76581.000000
87125.000000
17593.000000
20173.000000
11568.000000
20225.000000
29440.000000
80489.000000
19457.000000
12350.000000
88154.000000
55425.000000
25985.000000
8713.000000
29178.000000
79789.000000
32200.000000
87125.000000
19499.000000
20351.000000
18048.000000
75390.000000
80502.000000
67962.000000
56191.000000
51936.000000
78069.000000
82894.000000
54628.000000
8300.000000
65165.000000
27600.000000
67642.000000
50694.000000
67243.000000
11299.000000
52455.000000
50034.000000
79536.000000
74370.000000
34621.000000
15537.000000
22545.000000
2573.000000
71267.000000
79186.000000
73623.000000
91136.000000
