0.000000
0.000000
0.000000
0.000000
0.000000
0.000000
0.000000
0.000000
0.000000
0.000000
0.000000
0.000000
0.000000
0.000000
0.000000
0.000000
0.000000
0.000000
0.000000
0.000000
0.000000
0.000000
0.000000
0.000000
0.000000
0.000000
0.000000
0.000000
0.000000
0.000000
0.000000
0.000000
0.000000
0.000000
0.000000
0.000000
0.000000
0.000000
0.000000
0.000000
0.000000
0.000000
0.000000
0.000000
0.000000
0.000000
0.000000
0.000000
0.000000
0.000000
0.000000
0.000000
0.000000
0.000000
0.000000
6411092.000000
76037.000000
159150.000000
61080.000000
60884.000000
69290.000000
121423.000000
234802.000000
606536.000000
119426.000000
98078.000000
191785.000000
51130.000000
363623.000000
94609.000000
24822.000000
166668.000000
61868.000000
198318.000000
32042.000000
69449.000000
69713.000000
140997.000000
271792.000000
133449.000000
153919.000000
606578.000000
1304868.000000
11922.000000
19534.000000
6445.000000
55624.000000
271699.000000
108859.000000
8627.000000
8577.000000
3813.000000
32841.000000
9499.000000
72806.000000
144373.000000
135082.000000
186503.000000
7000.000000
6160.000000
5926.000000
14766.000000
243738.000000
4573.000000
5769.000000
57100.000000
19565.000000
189513.000000
983539.000000
85890.000000
114933.000000
50422.000000
15434.000000
264593.000000
85794.000000
568062.000000
2512.000000
1173038.000000
198632.000000
107455.000000
216848.000000
70919.000000
135988.000000
91195.000000
63493.000000
62519.000000
179809.000000
9225.000000
220633.000000
270592.000000
407672.000000
66324.000000
960232.000000
210082.000000
43189.000000
61080.000000
652396.000000
876179.000000
237363.000000
14250.000000
10524.000000
5302.000000
132186.000000
87957.000000
215430.000000
121060.000000
170267.000000
190850.000000
64425.000000
195093.000000
153343.000000
314862.000000
37174.000000
973334.000000
772403.000000
273524.000000
1169027.000000
202490.000000
140037.000000
149878.000000
94186.000000
52108.000000
30317.000000
18842.000000
311760.000000
115325.000000
331661.000000
55945.000000
12011.000000
671776.000000
291567.000000
323739.000000
93585.000000
314444.000000
43003.000000
227917.000000
58755.000000
1185175.000000
219865.000000
34268.000000
325337.000000
797043.000000
227379.000000
97866.000000
285019.000000
92892.000000
23498.000000
34828.000000
51048.000000
135522.000000
6554.000000
7816.000000
7002.000000
44625.000000
14657.000000
11029.000000
11474.000000
20809.000000
60248.000000
21956.000000
54532.000000
72264.000000
9676.000000
12771.000000
161308.000000
4001.000000
240659.000000
234394.000000
316563.000000
88114.000000
7649.000000
1116551.000000
20856.000000
44624.000000
37426.000000
146453.000000
425091.000000
129088.000000
221065.000000
1324122.000000
1384889.000000
45595.000000
41927.000000
509599.000000
6622.000000
45054.000000
12882.000000
18654.000000
20828.000000
5667.000000
3185.000000
8404.000000
8720.000000
136740.000000
118709.000000
7334.000000
5739.000000
4878.000000
36863.000000
12755.000000
119145.000000
7953.000000
4817.000000
10457.000000
24215.000000
206792.000000
137431.000000
1182426.000000
227071.000000
156432.000000
411117.000000
42669.000000
16858.000000
8647.000000
499734.000000
170886.000000
51811.000000
110228.000000
808871.000000
38185.000000
30792.000000
27234.000000
175343.000000
14759.000000
105725.000000
53810.000000
181393.000000
234145.000000
198819.000000
163250.000000
62976.000000
178556.000000
142774.000000
29309.000000
45865.000000
33602.000000
5106.000000
5145.000000
9605.000000
10525.000000
10386.000000
154524.000000
514477.000000
47616.000000
455833.000000
17549.000000
135568.000000
40935.000000
196723.000000
170243.000000
1151785.000000
196018.000000
295956.000000
51695.000000
116730.000000
378726.000000
233271.000000
867158.000000
141101.000000
437318.000000
1210548.000000
377076.000000
175654.000000
301290.000000
26096.000000
208354.000000
448489.000000
146084.000000
366273.000000
124055.000000
38098.000000
132342.000000
208873.000000
13568.000000
262697.000000
205858.000000
272485.000000
22792.000000
221608.000000
397058.000000
386916.000000
239843.000000
263636.000000
43041.000000
38631.000000
112545.000000
717221.000000
94784.000000
8046.000000
1467733.000000
175918.000000
66718.000000
44005.000000
12184.000000
6520.000000
6947.000000
626348.000000
177332.000000
115876.000000
74536.000000
65619.000000
742456.000000
324237.000000
112776.000000
1226375.000000
682663.000000
156260.000000
166748.000000
267975.000000
62598.000000
19889.000000
11800.000000
91834.000000
115038.000000
7927.000000
56369.000000
553017.000000
158438.000000
107455.000000
30091.000000
44150.000000
111178.000000
45668.000000
14418.000000
30715.000000
319946.000000
117149.000000
106418.000000
27344.000000
5106.000000
9605.000000
10525.000000
10386.000000
13429.000000
32803.000000
1138958.000000
504316.000000
40761.000000
1199788.000000
165398.000000
29664.000000
281459.000000
25149.000000
85148.000000
43570.000000
40725.000000
1335061.000000
477215.000000
13568.000000
354008.000000
526406.000000
1324708.000000
81733.000000
347392.000000
339934.000000
32841.000000
14628.000000
178309.000000
8471.000000
44236.000000
91647.000000
330192.000000
801041.000000
25374.000000
38380.000000
16545.000000
33551.000000
51303.000000
547114.000000
28619.000000
17029.000000
221986.000000
113181.000000
64680.000000
6797.000000
37550.000000
1403542.000000
44581.000000
801041.000000
25225.000000
44384.000000
38534.000000
152653.000000
355156.000000
96823.000000
106288.000000
97165.000000
331520.000000
485254.000000
180329.000000
12709.000000
158085.000000
36224.000000
443685.000000
70634.000000
348631.000000
14418.000000
104164.000000
32042.000000
247600.000000
121819.000000
63653.000000
27644.000000
26615.000000
2927.000000
186563.000000
309724.000000
119954.000000
457193.000000
