0.000000
0.000000
0.000000
0.000000
0.000000
0.000000
0.000000
0.000000
0.000000
0.000000
0.000000
0.000000
0.000000
0.000000
0.000000
0.000000
0.000000
0.000000
0.000000
0.000000
0.000000
0.000000
0.000000
0.000000
0.000000
0.000000
0.000000
0.000000
0.000000
0.000000
0.000000
0.000000
0.000000
0.000000
0.000000
0.000000
0.000000
0.000000
0.000000
0.000000
0.000000
0.000000
0.000000
0.000000
0.000000
0.000000
0.000000
0.000000
0.000000
0.000000
0.000000
0.000000
0.000000
0.000000
0.000000
0.000000
314815.000000
60998.000000
52054.000000
42603.000000
44920.000000
53072.000000
66507.000000
55469.000000
67217.000000
60126.000000
69494.000000
29609.000000
72583.000000
58172.000000
16733.000000
46991.000000
45044.000000
61098.000000
30146.000000
48630.000000
48018.000000
58284.000000
66523.000000
45259.000000
67947.000000
62455.000000
78994.000000
8891.000000
16511.000000
5081.000000
49342.000000
58613.000000
48883.000000
7648.000000
3706.000000
3911.000000
24709.000000
12799.000000
43259.000000
60789.000000
46789.000000
56545.000000
9386.000000
3913.000000
4458.000000
8328.000000
54010.000000
5669.000000
3457.000000
36052.000000
20272.000000
54101.000000
59486.000000
51683.000000
62314.000000
44527.000000
16879.000000
86480.000000
68511.000000
70528.000000
1900.000000
59540.000000
54974.000000
52593.000000
63645.000000
62778.000000
63827.000000
47911.000000
39410.000000
39890.000000
84179.000000
5419.000000
61465.000000
63826.000000
53856.000000
54977.000000
60523.000000
57873.000000
29977.000000
52054.000000
63556.000000
59642.000000
51010.000000
14186.000000
8001.000000
4600.000000
63036.000000
47616.000000
56592.000000
72709.000000
63517.000000
58768.000000
45117.000000
64821.000000
60394.000000
63498.000000
36954.000000
65327.000000
68004.000000
64604.000000
71467.000000
66642.000000
51302.000000
63342.000000
57329.000000
40508.000000
25168.000000
17178.000000
73850.000000
57792.000000
84711.000000
46731.000000
14205.000000
65979.000000
68404.000000
56279.000000
72749.000000
55268.000000
40146.000000
66671.000000
37049.000000
64415.000000
74046.000000
24122.000000
56024.000000
60241.000000
67267.000000
50285.000000
52850.000000
68181.000000
18259.000000
36247.000000
37304.000000
61970.000000
7143.000000
7191.000000
5315.000000
25198.000000
12460.000000
7178.000000
8796.000000
14123.000000
47099.000000
13376.000000
37100.000000
55892.000000
6292.000000
13506.000000
63900.000000
4478.000000
66911.000000
55550.000000
69274.000000
41865.000000
7121.000000
59030.000000
12984.000000
36503.000000
41640.000000
58102.000000
68930.000000
58041.000000
46902.000000
69238.000000
66704.000000
42412.000000
33274.000000
66148.000000
5397.000000
42713.000000
8849.000000
19130.000000
14493.000000
3646.000000
2882.000000
4739.000000
7198.000000
43686.000000
51796.000000
11069.000000
4547.000000
4228.000000
19323.000000
9803.000000
59294.000000
5519.000000
5192.000000
13330.000000
20255.000000
77235.000000
53600.000000
73309.000000
67245.000000
61387.000000
62834.000000
41272.000000
12226.000000
6706.000000
52556.000000
61850.000000
40669.000000
60759.000000
65579.000000
34850.000000
24069.000000
20553.000000
52226.000000
14565.000000
49469.000000
49079.000000
55987.000000
57152.000000
58527.000000
48471.000000
42151.000000
50609.000000
57186.000000
25607.000000
33902.000000
18764.000000
4419.000000
4870.000000
5498.000000
9857.000000
9000.000000
46087.000000
75238.000000
36286.000000
52856.000000
17600.000000
64337.000000
30782.000000
48122.000000
51759.000000
50680.000000
58672.000000
52564.000000
35206.000000
53570.000000
58408.000000
71866.000000
74505.000000
55968.000000
63501.000000
61577.000000
66209.000000
60521.000000
57917.000000
25411.000000
56687.000000
53767.000000
55153.000000
71106.000000
63713.000000
31450.000000
57984.000000
61383.000000
13943.000000
50718.000000
54957.000000
52592.000000
14634.000000
58582.000000
50104.000000
69805.000000
66227.000000
58260.000000
33859.000000
38496.000000
21098.000000
73958.000000
53952.000000
7596.000000
60767.000000
60070.000000
50964.000000
42442.000000
9647.000000
5754.000000
7278.000000
64984.000000
52147.000000
51260.000000
41060.000000
46248.000000
64736.000000
62004.000000
56672.000000
74518.000000
68877.000000
59145.000000
74956.000000
54875.000000
42874.000000
19546.000000
14964.000000
48947.000000
58847.000000
11045.000000
50667.000000
72666.000000
69742.000000
52593.000000
27561.000000
32732.000000
54779.000000
30006.000000
9526.000000
18764.000000
62518.000000
54861.000000
59913.000000
28521.000000
4419.000000
5498.000000
9857.000000
9000.000000
14902.000000
20178.000000
69744.000000
71899.000000
33001.000000
73381.000000
63168.000000
16597.000000
46114.000000
24631.000000
52776.000000
22627.000000
34665.000000
65290.000000
67171.000000
13943.000000
64412.000000
72118.000000
55792.000000
56178.000000
56229.000000
62219.000000
24709.000000
8211.000000
52649.000000
6435.000000
39139.000000
48419.000000
59980.000000
65613.000000
20342.000000
23637.000000
11944.000000
29170.000000
35742.000000
73471.000000
21063.000000
10917.000000
55624.000000
54681.000000
35204.000000
6327.000000
30512.000000
68696.000000
43618.000000
65613.000000
20575.000000
39212.000000
23637.000000
63540.000000
78709.000000
55262.000000
38904.000000
30618.000000
63608.000000
74434.000000
57238.000000
9934.000000
60897.000000
22796.000000
68320.000000
43085.000000
64011.000000
9598.000000
56202.000000
30146.000000
60625.000000
50329.000000
50740.000000
26906.000000
21204.000000
2731.000000
71081.000000
63498.000000
69009.000000
56485.000000
