0.000000
0.000000
0.000000
0.000000
0.000000
0.000000
0.000000
0.000000
0.000000
0.000000
0.000000
0.000000
0.000000
0.000000
0.000000
0.000000
0.000000
0.000000
0.000000
0.000000
0.000000
0.000000
0.000000
0.000000
0.000000
0.000000
0.000000
0.000000
0.000000
0.000000
0.000000
0.000000
0.000000
0.000000
0.000000
0.000000
0.000000
0.000000
0.000000
0.000000
0.000000
0.000000
0.000000
0.000000
0.000000
0.000000
0.000000
0.000000
0.000000
0.000000
0.000000
0.000000
0.000000
0.000000
0.000000
0.000000
0.000000
692463.000000
74736.000000
48457.000000
59554.000000
95901.000000
129601.000000
131346.000000
95695.000000
90738.000000
130410.000000
47400.000000
137990.000000
88583.000000
24173.000000
123090.000000
60071.000000
127623.000000
28934.000000
51365.000000
83237.000000
66648.000000
118850.000000
104985.000000
103226.000000
138857.000000
170363.000000
12427.000000
13748.000000
6321.000000
52004.000000
113563.000000
95788.000000
9234.000000
7124.000000
3598.000000
35469.000000
12565.000000
64249.000000
104519.000000
110586.000000
119668.000000
7427.000000
6116.000000
5961.000000
8065.000000
128515.000000
3532.000000
4877.000000
54749.000000
20199.000000
120308.000000
138799.000000
73862.000000
99737.000000
58069.000000
21022.000000
136157.000000
95847.000000
152400.000000
1903.000000
169389.000000
142036.000000
94303.000000
132273.000000
80113.000000
103962.000000
57760.000000
54978.000000
55729.000000
131958.000000
8748.000000
134730.000000
105635.000000
125741.000000
67310.000000
167893.000000
105211.000000
32440.000000
74736.000000
135531.000000
138291.000000
122963.000000
14246.000000
10535.000000
5111.000000
114745.000000
73483.000000
112179.000000
119208.000000
114127.000000
126581.000000
50553.000000
132877.000000
122473.000000
136630.000000
41990.000000
155403.000000
131036.000000
109580.000000
142988.000000
106102.000000
74295.000000
79239.000000
96951.000000
42353.000000
28621.000000
14317.000000
161007.000000
91986.000000
136545.000000
50152.000000
9396.000000
135210.000000
155814.000000
118005.000000
85854.000000
120315.000000
40501.000000
139617.000000
40648.000000
159376.000000
125179.000000
31018.000000
138305.000000
167670.000000
141373.000000
92292.000000
132127.000000
67971.000000
16884.000000
34402.000000
49615.000000
103814.000000
6113.000000
6688.000000
6580.000000
33028.000000
10020.000000
8562.000000
12834.000000
17079.000000
45766.000000
16071.000000
39349.000000
65208.000000
7476.000000
13510.000000
111896.000000
4572.000000
128841.000000
142161.000000
130318.000000
67543.000000
8048.000000
135427.000000
21098.000000
48558.000000
53451.000000
103661.000000
152663.000000
104993.000000
141043.000000
154591.000000
158689.000000
44232.000000
43395.000000
135465.000000
5443.000000
51327.000000
7753.000000
21303.000000
19233.000000
4659.000000
4008.000000
6019.000000
6693.000000
113119.000000
94784.000000
9745.000000
5621.000000
5662.000000
31391.000000
13305.000000
89949.000000
9005.000000
4711.000000
11483.000000
23924.000000
142916.000000
108831.000000
163997.000000
131759.000000
118240.000000
165446.000000
50062.000000
15371.000000
7579.000000
132661.000000
119951.000000
45818.000000
98700.000000
137762.000000
47224.000000
31920.000000
21620.000000
134350.000000
12363.000000
101124.000000
46409.000000
133163.000000
130198.000000
117882.000000
90191.000000
58297.000000
102955.000000
102571.000000
34202.000000
44832.000000
30675.000000
5498.000000
5060.000000
8370.000000
7263.000000
9442.000000
106250.000000
165138.000000
38509.000000
140434.000000
22577.000000
113279.000000
29057.000000
127245.000000
100553.000000
142550.000000
110727.000000
112695.000000
48308.000000
97186.000000
139354.000000
113689.000000
144445.000000
123110.000000
133903.000000
157255.000000
133570.000000
127368.000000
123051.000000
28277.000000
126296.000000
143493.000000
112994.000000
147763.000000
106094.000000
34719.000000
113703.000000
128501.000000
10262.000000
126243.000000
138860.000000
137366.000000
15826.000000
140696.000000
131490.000000
125840.000000
132234.000000
140509.000000
24877.000000
55722.000000
81913.000000
159981.000000
93836.000000
4704.000000
161074.000000
111083.000000
77751.000000
51836.000000
7445.000000
7330.000000
5564.000000
155580.000000
111190.000000
90238.000000
79914.000000
69135.000000
137267.000000
112347.000000
105018.000000
160651.000000
145527.000000
106517.000000
117747.000000
91104.000000
48924.000000
24640.000000
9438.000000
81089.000000
105182.000000
10925.000000
46039.000000
142732.000000
95925.000000
94303.000000
31018.000000
40574.000000
55282.000000
41946.000000
15471.000000
30778.000000
156955.000000
108049.000000
99558.000000
25194.000000
5498.000000
8370.000000
7263.000000
9442.000000
15611.000000
22741.000000
157609.000000
133434.000000
37792.000000
152361.000000
130031.000000
18842.000000
111637.000000
20213.000000
91868.000000
35041.000000
33740.000000
159473.000000
152698.000000
10262.000000
169223.000000
141709.000000
160969.000000
63361.000000
139641.000000
135833.000000
35469.000000
11255.000000
111346.000000
7124.000000
39997.000000
84615.000000
108365.000000
135204.000000
22283.000000
35048.000000
12393.000000
24078.000000
41118.000000
139758.000000
18510.000000
14183.000000
104033.000000
69981.000000
57381.000000
5746.000000
26088.000000
160118.000000
53426.000000
135204.000000
30139.000000
33871.000000
35048.000000
100680.000000
138443.000000
83288.000000
63807.000000
58294.000000
108153.000000
137293.000000
113583.000000
11870.000000
128882.000000
27573.000000
123518.000000
77913.000000
159338.000000
15389.000000
51231.000000
28934.000000
113602.000000
100372.000000
57425.000000
34879.000000
30637.000000
2682.000000
138211.000000
136630.000000
112345.000000
142866.000000
