0.000000
0.000000
0.000000
0.000000
0.000000
0.000000
0.000000
0.000000
0.000000
0.000000
0.000000
0.000000
0.000000
0.000000
0.000000
0.000000
0.000000
0.000000
0.000000
0.000000
0.000000
0.000000
0.000000
0.000000
0.000000
0.000000
0.000000
0.000000
0.000000
0.000000
0.000000
0.000000
0.000000
0.000000
0.000000
0.000000
0.000000
0.000000
0.000000
0.000000
0.000000
0.000000
0.000000
0.000000
0.000000
0.000000
0.000000
0.000000
0.000000
0.000000
0.000000
0.000000
0.000000
0.000000
0.000000
0.000000
0.000000
0.000000
290996.000000
40597.000000
46261.000000
54596.000000
51391.000000
63854.000000
71905.000000
55144.000000
56393.000000
45514.000000
62220.000000
47881.000000
15384.000000
54602.000000
57639.000000
50307.000000
16577.000000
47133.000000
46798.000000
42789.000000
59883.000000
59621.000000
59404.000000
48779.000000
63843.000000
9434.000000
17395.000000
7356.000000
43295.000000
53305.000000
52177.000000
8872.000000
5756.000000
5182.000000
19533.000000
8213.000000
47942.000000
60825.000000
62566.000000
49377.000000
7680.000000
4850.000000
4540.000000
12406.000000
62325.000000
4707.000000
5615.000000
39172.000000
17085.000000
45608.000000
61518.000000
51035.000000
44522.000000
42353.000000
18395.000000
71021.000000
37205.000000
64721.000000
2816.000000
63949.000000
57360.000000
61169.000000
63434.000000
48339.000000
57367.000000
47146.000000
51822.000000
46630.000000
57562.000000
5529.000000
58025.000000
45053.000000
62837.000000
51335.000000
67368.000000
72387.000000
32755.000000
290996.000000
61657.000000
54523.000000
55168.000000
16794.000000
6472.000000
4497.000000
55916.000000
49430.000000
54881.000000
63495.000000
59450.000000
64456.000000
36700.000000
61989.000000
60018.000000
58339.000000
26939.000000
61393.000000
63738.000000
65743.000000
61648.000000
50727.000000
50191.000000
53156.000000
64268.000000
29446.000000
24661.000000
20096.000000
69936.000000
63946.000000
57086.000000
45783.000000
10685.000000
63848.000000
70184.000000
63551.000000
51402.000000
61956.000000
30855.000000
60299.000000
37041.000000
65820.000000
58249.000000
25201.000000
58764.000000
58193.000000
60465.000000
46805.000000
59481.000000
56258.000000
16802.000000
34178.000000
38159.000000
60374.000000
5076.000000
4082.000000
8612.000000
24770.000000
7962.000000
3762.000000
9217.000000
16923.000000
45698.000000
20016.000000
45807.000000
39085.000000
8087.000000
11042.000000
65297.000000
4843.000000
50103.000000
61582.000000
58400.000000
35309.000000
8394.000000
69994.000000
25822.000000
33114.000000
47189.000000
56705.000000
70181.000000
76080.000000
64909.000000
78556.000000
72562.000000
41675.000000
26903.000000
72018.000000
5430.000000
43820.000000
9517.000000
21022.000000
20079.000000
4459.000000
3993.000000
4487.000000
9202.000000
47559.000000
57283.000000
6723.000000
5476.000000
4790.000000
30261.000000
10894.000000
46617.000000
7576.000000
4873.000000
10634.000000
25203.000000
60388.000000
44282.000000
69168.000000
70152.000000
49919.000000
66641.000000
31077.000000
12695.000000
5549.000000
56423.000000
52204.000000
40058.000000
60499.000000
63434.000000
40488.000000
23543.000000
26795.000000
61185.000000
18073.000000
84719.000000
43835.000000
52170.000000
64387.000000
42405.000000
65146.000000
48082.000000
55802.000000
59680.000000
28273.000000
34168.000000
16266.000000
5796.000000
5689.000000
7239.000000
6612.000000
9523.000000
56621.000000
61016.000000
30707.000000
84728.000000
18492.000000
94604.000000
31311.000000
67361.000000
73581.000000
66340.000000
60817.000000
69037.000000
43628.000000
55570.000000
60233.000000
74202.000000
57720.000000
78383.000000
54814.000000
65482.000000
101395.000000
69644.000000
77862.000000
23620.000000
48427.000000
84442.000000
59855.000000
59732.000000
67241.000000
31607.000000
47387.000000
65073.000000
14979.000000
56276.000000
61789.000000
63990.000000
22254.000000
59444.000000
60984.000000
52300.000000
60686.000000
60953.000000
28293.000000
40506.000000
36813.000000
71668.000000
52530.000000
5534.000000
83501.000000
59247.000000
42046.000000
40056.000000
10230.000000
4797.000000
6113.000000
66050.000000
56893.000000
47868.000000
57359.000000
52674.000000
55507.000000
56198.000000
59805.000000
63556.000000
64886.000000
59069.000000
47880.000000
46574.000000
33425.000000
22284.000000
10835.000000
46037.000000
48644.000000
13810.000000
46566.000000
53365.000000
47319.000000
61169.000000
28452.000000
28237.000000
35302.000000
35165.000000
8673.000000
16266.000000
57281.000000
50949.000000
53780.000000
25421.000000
5796.000000
7239.000000
6612.000000
9523.000000
12878.000000
10883.000000
66916.000000
60023.000000
33786.000000
95579.000000
54386.000000
21725.000000
54896.000000
21146.000000
46586.000000
32315.000000
35155.000000
66608.000000
61803.000000
14979.000000
69282.000000
75450.000000
72023.000000
105889.000000
58297.000000
51344.000000
19533.000000
10337.000000
58211.000000
8707.000000
33288.000000
49953.000000
56502.000000
53869.000000
19191.000000
23094.000000
11810.000000
19970.000000
40286.000000
63595.000000
15559.000000
12301.000000
52686.000000
31891.000000
45016.000000
3469.000000
31252.000000
72331.000000
39723.000000
53869.000000
18855.000000
34250.000000
23094.000000
52302.000000
57999.000000
43528.000000
32445.000000
28229.000000
43049.000000
60680.000000
49915.000000
7785.000000
84289.000000
33542.000000
57070.000000
52613.000000
60684.000000
8555.000000
21054.000000
16577.000000
53362.000000
55149.000000
48576.000000
21478.000000
23102.000000
2231.000000
55514.000000
59085.000000
47965.000000
60802.000000
