0.000000
0.000000
0.000000
0.000000
0.000000
132337.000000
11975.000000
6519.000000
4317.000000
11721.000000
11231.000000
26970.000000
30921.000000
13239.000000
11079.000000
17920.000000
16781.000000
14911.000000
7196.000000
15513.000000
8057.000000
18228.000000
3456.000000
28416.000000
22781.000000
22781.000000
18729.000000
14742.000000
9588.000000
20031.000000
11856.000000
21765.000000
16224.000000
13755.000000
33852.000000
19806.000000
28011.000000
13774.000000
18003.000000
15095.000000
16296.000000
26361.000000
14911.000000
9044.000000
13131.000000
7031.000000
40519.000000
14881.000000
13746.000000
12162.000000
9131.000000
24506.000000
16974.000000
15095.000000
18518.000000
11894.000000
8131.000000
10536.000000
11999.000000
7515.000000
27082.000000
23478.000000
7276.000000
9638.000000
25959.000000
11127.000000
27284.000000
10622.000000
12026.000000
16358.000000
8499.000000
16471.000000
20590.000000
17453.000000
32985.000000
11353.000000
13828.000000
54871.000000
19283.000000
21828.000000
15359.000000
16314.000000
12315.000000
6637.000000
12870.000000
4598.000000
14242.000000
11062.000000
13879.000000
6607.000000
6078.000000
3686.000000
17504.000000
4969.000000
7683.000000
9382.000000
15918.000000
11629.000000
4103.000000
4426.000000
4708.000000
12772.000000
20510.000000
2503.000000
3837.000000
12599.000000
10023.000000
8266.000000
22731.000000
19605.000000
14977.000000
12763.000000
11597.000000
12949.000000
7447.000000
11495.000000
1307.000000
19400.000000
10769.000000
18326.000000
20535.000000
19821.000000
14406.000000
16266.000000
9486.000000
9840.000000
8449.000000
4717.000000
26725.000000
25811.000000
21498.000000
10437.000000
9892.000000
5940.000000
10198.000000
11999.000000
13085.000000
15424.000000
14028.000000
9268.000000
5603.000000
4108.000000
17912.000000
9655.000000
22775.000000
16717.000000
15510.000000
13933.000000
12253.000000
20533.000000
9235.000000
13131.000000
19580.000000
19689.000000
17054.000000
31731.000000
8070.000000
33186.000000
13316.000000
14166.000000
18227.000000
16251.000000
6646.000000
11243.000000
13145.000000
8624.000000
15447.000000
24768.000000
7326.000000
11857.000000
40879.000000
11408.000000
15878.000000
20805.000000
39339.000000
18707.000000
32381.000000
19143.000000
19037.000000
9492.000000
12852.000000
24140.000000
18707.000000
18785.000000
21895.000000
18032.000000
12032.000000
8868.000000
13956.000000
13698.000000
4434.000000
4275.000000
4479.000000
12887.000000
4201.000000
4844.000000
5159.000000
9579.000000
12596.000000
9312.000000
5952.000000
21368.000000
5642.000000
8655.000000
19253.000000
3098.000000
9712.000000
10443.000000
12111.000000
11924.000000
5873.000000
13551.000000
8295.000000
27042.000000
24851.000000
14391.000000
10157.000000
17988.000000
15365.000000
13135.000000
14896.000000
15428.000000
9330.000000
15259.000000
6121.000000
9536.000000
6074.000000
11521.000000
7858.000000
5618.000000
2963.000000
5528.000000
2932.000000
10427.000000
11333.000000
4031.000000
3681.000000
4205.000000
8838.000000
7225.000000
11329.000000
6401.000000
4051.000000
8567.000000
7352.000000
11455.000000
7648.000000
15919.000000
12967.000000
10030.000000
13361.000000
11194.000000
7325.000000
5752.000000
18529.000000
20937.000000
12496.000000
13061.000000
10426.000000
10474.000000
6172.000000
7856.000000
10976.000000
5345.000000
11369.000000
7792.000000
7899.000000
8811.000000
7875.000000
14574.000000
17848.000000
8084.000000
19461.000000
7991.000000
10416.000000
18733.000000
4427.000000
3377.000000
7213.000000
5699.000000
9223.000000
15918.000000
17510.000000
48358.000000
21454.000000
8859.000000
12193.000000
7739.000000
8569.000000
13051.000000
9138.000000
6695.000000
10948.000000
9340.000000
9308.000000
16121.000000
15198.000000
19422.000000
19876.000000
7745.000000
21820.000000
12592.000000
18139.000000
18741.000000
6857.000000
12810.000000
13484.000000
18985.000000
9770.000000
9321.000000
8335.000000
20336.000000
19000.000000
10502.000000
10062.000000
10762.000000
13940.000000
9521.000000
9347.000000
8820.000000
12415.000000
14462.000000
10201.000000
25698.000000
38020.000000
43659.000000
15932.000000
10597.000000
7726.000000
16559.000000
23865.000000
30723.000000
7775.000000
7598.000000
4957.000000
4856.000000
15382.000000
10519.000000
9254.000000
17024.000000
28212.000000
23626.000000
16724.000000
14829.000000
9855.000000
14975.000000
13215.000000
15121.000000
23333.000000
12728.000000
9175.000000
6228.000000
10346.000000
18213.000000
28582.000000
14651.000000
22812.000000
10624.000000
18326.000000
19142.000000
14155.000000
11074.000000
9751.000000
9215.000000
18733.000000
17679.000000
14748.000000
37838.000000
12985.000000
4427.000000
7213.000000
5699.000000
9223.000000
11231.000000
12977.000000
17623.000000
15545.000000
17682.000000
25972.000000
12301.000000
10298.000000
6231.000000
6788.000000
14130.000000
19115.000000
12476.000000
14016.000000
25685.000000
10502.000000
15354.000000
15340.000000
17861.000000
13839.000000
13372.000000
14816.000000
17504.000000
13082.000000
11205.000000
4636.000000
17564.000000
11879.000000
10198.000000
25401.000000
10513.000000
17561.000000
6310.000000
6348.000000
8526.000000
18242.000000
14171.000000
6449.000000
48861.000000
19595.000000
9900.000000
4795.000000
30337.000000
12048.000000
11366.000000
25401.000000
10854.000000
17523.000000
17556.000000
21455.000000
15984.000000
15541.000000
23734.000000
13329.000000
9745.000000
11793.000000
14136.000000
6453.000000
12054.000000
12621.000000
16781.000000
16313.000000
18919.000000
9088.000000
23119.000000
32985.000000
10776.000000
15931.000000
10504.000000
25334.000000
7526.000000
2402.000000
22076.000000
13131.000000
15791.000000
21186.000000
