0.000000
0.000000
0.000000
0.000000
0.000000
0.000000
0.000000
0.000000
0.000000
0.000000
0.000000
0.000000
0.000000
0.000000
0.000000
0.000000
0.000000
0.000000
0.000000
0.000000
0.000000
0.000000
0.000000
0.000000
0.000000
0.000000
0.000000
0.000000
0.000000
0.000000
0.000000
0.000000
0.000000
0.000000
0.000000
0.000000
0.000000
0.000000
0.000000
0.000000
0.000000
0.000000
0.000000
0.000000
0.000000
0.000000
0.000000
0.000000
0.000000
0.000000
0.000000
0.000000
0.000000
0.000000
0.000000
0.000000
0.000000
0.000000
0.000000
262371.000000
49126.000000
50762.000000
53924.000000
55413.000000
51926.000000
55082.000000
51952.000000
33394.000000
55985.000000
43899.000000
18847.000000
44964.000000
44243.000000
50980.000000
25784.000000
47792.000000
54932.000000
42309.000000
57156.000000
45036.000000
48375.000000
58599.000000
58892.000000
6176.000000
12348.000000
3369.000000
34076.000000
53425.000000
63388.000000
8250.000000
3967.000000
2709.000000
16314.000000
11015.000000
42947.000000
60870.000000
40360.000000
41898.000000
4785.000000
3819.000000
3160.000000
7943.000000
62413.000000
4393.000000
3158.000000
44498.000000
14673.000000
50660.000000
59157.000000
47696.000000
43267.000000
33349.000000
14964.000000
58257.000000
45012.000000
49807.000000
1398.000000
56013.000000
57897.000000
40614.000000
36184.000000
49388.000000
49870.000000
49787.000000
38963.000000
40272.000000
61327.000000
5782.000000
52662.000000
47272.000000
56552.000000
37600.000000
49260.000000
47164.000000
12478.000000
41136.000000
53428.000000
64586.000000
51145.000000
10507.000000
6629.000000
4600.000000
50488.000000
42134.000000
55746.000000
44731.000000
51115.000000
46078.000000
47534.000000
38965.000000
47073.000000
57498.000000
37703.000000
55000.000000
57331.000000
38703.000000
53605.000000
41251.000000
46637.000000
54486.000000
47042.000000
36026.000000
19977.000000
11933.000000
63250.000000
43743.000000
53081.000000
11030.000000
8594.000000
55665.000000
65486.000000
51189.000000
43037.000000
63598.000000
28703.000000
59161.000000
22284.000000
62775.000000
56661.000000
31164.000000
55025.000000
48930.000000
58469.000000
39519.000000
54821.000000
39456.000000
17664.000000
33636.000000
30313.000000
51449.000000
6694.000000
4843.000000
4531.000000
22535.000000
10538.000000
8332.000000
7405.000000
16737.000000
22145.000000
9192.000000
41894.000000
42504.000000
7302.000000
10299.000000
49543.000000
3675.000000
42540.000000
52270.000000
49786.000000
45758.000000
5002.000000
59073.000000
15023.000000
42308.000000
25108.000000
46985.000000
58142.000000
52220.000000
46400.000000
57452.000000
60166.000000
31663.000000
31845.000000
50310.000000
4590.000000
36048.000000
6426.000000
15561.000000
13616.000000
3237.000000
2742.000000
4963.000000
6515.000000
49845.000000
46474.000000
6698.000000
3960.000000
3261.000000
23869.000000
11462.000000
50711.000000
6084.000000
3005.000000
9486.000000
15231.000000
52109.000000
43567.000000
53876.000000
47392.000000
42791.000000
48260.000000
30789.000000
12172.000000
7233.000000
50657.000000
55265.000000
37488.000000
58830.000000
48720.000000
28077.000000
24827.000000
21566.000000
56651.000000
12527.000000
49879.000000
35759.000000
51130.000000
49687.000000
60239.000000
51134.000000
39220.000000
51782.000000
47189.000000
27973.000000
27762.000000
15092.000000
4881.000000
4407.000000
7748.000000
6908.000000
6117.000000
40607.000000
54930.000000
23521.000000
52477.000000
17772.000000
44192.000000
28266.000000
48619.000000
58026.000000
50148.000000
55441.000000
45109.000000
34757.000000
50848.000000
54315.000000
61526.000000
53444.000000
42333.000000
53633.000000
54809.000000
48110.000000
59276.000000
49254.000000
29138.000000
52378.000000
49866.000000
58181.000000
55449.000000
56407.000000
24468.000000
39736.000000
55901.000000
7576.000000
59352.000000
55000.000000
53599.000000
12926.000000
54593.000000
50941.000000
51546.000000
48996.000000
56255.000000
34521.000000
42393.000000
43598.000000
52724.000000
46744.000000
5530.000000
66850.000000
54696.000000
42386.000000
32651.000000
6117.000000
6158.000000
5878.000000
59400.000000
45543.000000
47970.000000
40487.000000
38258.000000
55392.000000
61628.000000
44810.000000
54238.000000
58769.000000
41173.000000
53928.000000
45475.000000
33968.000000
19492.000000
9660.000000
41603.000000
61327.000000
12457.000000
42644.000000
59398.000000
56014.000000
40614.000000
21712.000000
32609.000000
30255.000000
31830.000000
11512.000000
15092.000000
60518.000000
39891.000000
54653.000000
19118.000000
4881.000000
7748.000000
6908.000000
6117.000000
11166.000000
22029.000000
59249.000000
48187.000000
30143.000000
51995.000000
44464.000000
14301.000000
53208.000000
16866.000000
38975.000000
26508.000000
30262.000000
49553.000000
53327.000000
7576.000000
45957.000000
49793.000000
51337.000000
39487.000000
47319.000000
53332.000000
16314.000000
5506.000000
52625.000000
6668.000000
26905.000000
48437.000000
46787.000000
50312.000000
27116.000000
18272.000000
7853.000000
23787.000000
31023.000000
52196.000000
17972.000000
12387.000000
41440.000000
30450.000000
39474.000000
5390.000000
24742.000000
62833.000000
34246.000000
50312.000000
27420.000000
27025.000000
18272.000000
42504.000000
64131.000000
41453.000000
41180.000000
56079.000000
46584.000000
47510.000000
52004.000000
6840.000000
52869.000000
22255.000000
53708.000000
42877.000000
52969.000000
11274.000000
30255.000000
25784.000000
45519.000000
52443.000000
45966.000000
24540.000000
19328.000000
1812.000000
47816.000000
57498.000000
46937.000000
46625.000000
