0.000000
0.000000
0.000000
0.000000
0.000000
0.000000
0.000000
0.000000
0.000000
0.000000
0.000000
0.000000
0.000000
0.000000
0.000000
0.000000
0.000000
0.000000
0.000000
0.000000
0.000000
0.000000
0.000000
0.000000
0.000000
0.000000
0.000000
0.000000
0.000000
0.000000
0.000000
0.000000
0.000000
0.000000
0.000000
0.000000
0.000000
0.000000
0.000000
0.000000
0.000000
0.000000
0.000000
0.000000
0.000000
0.000000
0.000000
0.000000
0.000000
0.000000
0.000000
0.000000
0.000000
0.000000
0.000000
0.000000
0.000000
0.000000
0.000000
0.000000
385798.000000
52990.000000
38707.000000
63130.000000
73341.000000
46147.000000
60018.000000
47315.000000
57688.000000
50331.000000
16623.000000
49458.000000
48490.000000
75594.000000
27459.000000
54585.000000
48120.000000
54691.000000
70442.000000
58025.000000
57901.000000
63922.000000
63111.000000
7071.000000
17340.000000
4892.000000
32368.000000
61702.000000
63492.000000
8240.000000
6525.000000
4627.000000
38789.000000
5292.000000
47108.000000
49515.000000
63350.000000
76152.000000
5343.000000
4335.000000
4525.000000
13780.000000
68821.000000
3438.000000
3370.000000
51811.000000
15613.000000
54387.000000
79515.000000
57826.000000
53715.000000
30655.000000
12319.000000
62908.000000
51828.000000
62517.000000
1406.000000
75192.000000
61608.000000
62666.000000
74183.000000
41866.000000
69093.000000
45150.000000
45948.000000
44714.000000
50041.000000
6642.000000
76222.000000
60970.000000
75004.000000
30596.000000
61790.000000
64147.000000
37913.000000
54189.000000
68806.000000
73963.000000
65973.000000
9212.000000
11313.000000
3723.000000
59974.000000
51401.000000
80281.000000
66426.000000
62802.000000
76590.000000
40689.000000
60233.000000
63827.000000
73209.000000
29920.000000
74550.000000
67565.000000
84717.000000
78707.000000
72103.000000
34693.000000
47695.000000
68316.000000
38888.000000
22546.000000
15774.000000
64607.000000
75623.000000
73436.000000
50605.000000
10934.000000
72733.000000
85010.000000
55560.000000
72493.000000
74424.000000
70974.000000
64257.000000
50631.000000
68465.000000
87205.000000
27239.000000
69027.000000
81637.000000
64317.000000
47209.000000
60485.000000
60813.000000
20231.000000
32989.000000
37190.000000
54752.000000
6833.000000
6116.000000
4923.000000
31472.000000
6019.000000
7392.000000
8594.000000
14773.000000
41327.000000
19379.000000
50388.000000
53136.000000
8923.000000
12770.000000
72910.000000
3489.000000
62601.000000
72762.000000
87259.000000
50476.000000
5610.000000
67296.000000
20769.000000
45026.000000
35743.000000
71158.000000
75042.000000
52208.000000
61862.000000
59170.000000
66671.000000
39248.000000
36106.000000
64984.000000
3923.000000
22660.000000
7234.000000
21230.000000
16646.000000
5443.000000
2962.000000
5644.000000
5306.000000
68284.000000
69001.000000
6263.000000
5580.000000
5574.000000
28845.000000
12327.000000
47464.000000
5475.000000
2088.000000
6794.000000
16816.000000
57338.000000
48871.000000
73590.000000
68420.000000
51800.000000
56981.000000
23245.000000
11328.000000
7322.000000
79286.000000
68103.000000
38676.000000
57357.000000
58661.000000
33543.000000
27656.000000
20585.000000
58965.000000
15759.000000
53337.000000
31755.000000
53059.000000
53469.000000
58534.000000
63487.000000
42602.000000
49483.000000
78888.000000
21914.000000
37461.000000
38303.000000
7078.000000
5769.000000
7896.000000
9571.000000
8225.000000
64461.000000
95368.000000
56431.000000
62052.000000
12662.000000
61221.000000
24527.000000
50471.000000
73133.000000
62984.000000
36758.000000
62507.000000
38180.000000
65047.000000
63970.000000
63529.000000
68840.000000
67360.000000
39537.000000
59861.000000
66345.000000
58997.000000
61192.000000
12808.000000
51555.000000
57512.000000
57854.000000
57887.000000
52355.000000
27371.000000
60984.000000
65697.000000
11993.000000
50892.000000
64271.000000
69818.000000
14443.000000
58492.000000
50319.000000
73161.000000
75782.000000
52498.000000
47890.000000
54590.000000
57079.000000
61761.000000
57878.000000
6119.000000
76084.000000
65153.000000
55251.000000
35826.000000
9310.000000
7502.000000
7995.000000
63924.000000
61423.000000
59541.000000
55661.000000
53644.000000
67233.000000
57922.000000
53685.000000
55868.000000
70712.000000
57240.000000
83443.000000
78734.000000
42368.000000
15805.000000
6012.000000
53445.000000
62268.000000
15133.000000
32248.000000
59232.000000
35747.000000
62666.000000
25055.000000
29234.000000
19061.000000
48550.000000
12461.000000
39111.000000
60613.000000
68416.000000
67382.000000
31117.000000
7078.000000
7896.000000
9571.000000
8225.000000
12273.000000
22471.000000
84958.000000
63222.000000
43553.000000
74757.000000
85048.000000
22251.000000
54033.000000
19591.000000
63585.000000
33206.000000
31344.000000
69225.000000
75202.000000
11993.000000
58564.000000
76734.000000
66483.000000
60499.000000
56344.000000
69667.000000
38789.000000
10410.000000
61617.000000
7347.000000
33335.000000
69029.000000
60374.000000
75945.000000
23621.000000
20698.000000
11541.000000
20002.000000
37667.000000
70117.000000
23848.000000
12305.000000
79985.000000
55657.000000
43665.000000
9649.000000
28651.000000
68520.000000
33739.000000
75945.000000
26239.000000
33573.000000
20698.000000
55758.000000
72996.000000
48389.000000
70812.000000
72978.000000
61920.000000
81255.000000
78713.000000
9697.000000
65089.000000
16625.000000
52674.000000
48790.000000
58136.000000
15807.000000
19061.000000
27459.000000
67714.000000
77124.000000
43632.000000
23529.000000
23626.000000
1941.000000
63280.000000
73837.000000
64136.000000
62897.000000
