0.000000
0.000000
0.000000
0.000000
0.000000
0.000000
0.000000
0.000000
0.000000
0.000000
0.000000
0.000000
0.000000
0.000000
0.000000
0.000000
0.000000
0.000000
0.000000
0.000000
0.000000
0.000000
0.000000
0.000000
0.000000
0.000000
0.000000
0.000000
0.000000
0.000000
0.000000
0.000000
0.000000
0.000000
0.000000
0.000000
0.000000
0.000000
0.000000
0.000000
0.000000
0.000000
0.000000
0.000000
0.000000
0.000000
0.000000
0.000000
0.000000
0.000000
0.000000
0.000000
0.000000
0.000000
0.000000
0.000000
0.000000
0.000000
0.000000
0.000000
0.000000
499258.000000
111442.000000
115204.000000
74588.000000
73238.000000
76958.000000
47233.000000
96418.000000
75247.000000
23710.000000
236252.000000
59811.000000
102419.000000
34855.000000
63239.000000
68643.000000
47975.000000
104792.000000
92380.000000
96749.000000
100482.000000
106035.000000
10638.000000
18346.000000
5622.000000
33108.000000
95960.000000
81624.000000
10209.000000
6746.000000
4734.000000
25231.000000
8414.000000
75300.000000
97019.000000
93241.000000
96943.000000
6607.000000
5705.000000
4925.000000
9197.000000
109002.000000
7040.000000
6433.000000
59832.000000
18348.000000
110619.000000
118157.000000
62957.000000
66883.000000
40685.000000
16302.000000
85210.000000
59314.000000
117625.000000
2102.000000
107942.000000
105433.000000
80247.000000
103383.000000
52169.000000
95757.000000
78728.000000
64990.000000
55462.000000
93812.000000
4556.000000
90619.000000
99900.000000
79080.000000
50387.000000
120247.000000
92270.000000
26845.000000
55846.000000
96338.000000
92726.000000
110930.000000
11686.000000
7683.000000
4510.000000
102889.000000
59253.000000
107154.000000
77194.000000
71875.000000
83524.000000
34475.000000
110296.000000
92085.000000
113167.000000
22371.000000
101582.000000
124547.000000
113443.000000
120586.000000
67214.000000
70570.000000
61588.000000
55989.000000
34763.000000
30581.000000
13802.000000
111607.000000
74149.000000
109495.000000
36050.000000
8707.000000
87298.000000
106585.000000
75771.000000
69920.000000
101086.000000
38051.000000
110479.000000
42472.000000
117435.000000
107175.000000
27336.000000
81579.000000
110423.000000
109767.000000
85568.000000
105365.000000
68540.000000
20387.000000
25259.000000
46031.000000
99149.000000
5920.000000
5910.000000
7709.000000
30975.000000
15640.000000
11399.000000
13997.000000
19423.000000
51809.000000
17276.000000
54751.000000
67548.000000
9377.000000
14971.000000
102532.000000
4347.000000
128358.000000
100749.000000
79829.000000
50997.000000
8366.000000
101455.000000
18647.000000
56261.000000
41814.000000
105271.000000
121464.000000
89480.000000
97130.000000
129923.000000
115256.000000
39793.000000
34335.000000
123544.000000
5492.000000
43274.000000
9565.000000
26601.000000
19905.000000
5063.000000
5892.000000
7198.000000
8001.000000
76735.000000
90521.000000
6966.000000
4672.000000
5542.000000
34560.000000
11752.000000
83723.000000
6766.000000
4589.000000
11353.000000
21707.000000
103138.000000
228273.000000
125109.000000
120685.000000
93290.000000
114839.000000
44349.000000
17166.000000
7920.000000
103752.000000
95857.000000
46887.000000
80890.000000
115600.000000
42647.000000
34729.000000
29358.000000
92178.000000
13127.000000
74717.000000
45704.000000
94609.000000
95184.000000
106588.000000
82031.000000
54430.000000
97415.000000
86290.000000
27505.000000
39099.000000
24785.000000
7194.000000
4783.000000
10041.000000
7539.000000
14190.000000
91962.000000
106767.000000
41390.000000
108122.000000
21583.000000
90813.000000
38347.000000
100234.000000
98478.000000
117351.000000
86756.000000
106166.000000
40608.000000
91731.000000
118233.000000
115399.000000
110120.000000
99280.000000
100640.000000
120934.000000
103929.000000
110327.000000
104149.000000
28649.000000
102830.000000
104273.000000
293264.000000
103500.000000
97640.000000
26253.000000
95663.000000
107987.000000
10699.000000
107252.000000
102610.000000
80896.000000
21915.000000
116828.000000
119681.000000
91734.000000
109217.000000
99307.000000
35497.000000
47362.000000
80504.000000
121426.000000
62207.000000
5936.000000
124186.000000
95299.000000
58606.000000
31577.000000
10093.000000
5345.000000
6139.000000
106043.000000
114862.000000
83931.000000
71418.000000
57174.000000
114175.000000
99815.000000
78792.000000
121734.000000
90968.000000
110574.000000
92490.000000
80161.000000
53124.000000
25704.000000
11444.000000
77492.000000
69003.000000
12435.000000
60030.000000
83293.000000
101427.000000
80247.000000
27928.000000
35081.000000
60933.000000
34367.000000
8940.000000
24873.000000
113586.000000
78355.000000
75956.000000
19577.000000
7194.000000
10041.000000
7539.000000
14190.000000
14783.000000
25853.000000
116746.000000
114139.000000
36148.000000
103755.000000
74966.000000
26135.000000
81074.000000
26321.000000
69282.000000
33058.000000
46309.000000
124372.000000
115385.000000
10699.000000
89266.000000
118002.000000
103691.000000
67067.000000
79049.000000
88803.000000
25231.000000
8693.000000
94753.000000
8589.000000
44344.000000
78088.000000
93053.000000
115680.000000
26634.000000
35490.000000
13623.000000
25925.000000
41085.000000
124928.000000
16920.000000
11844.000000
91266.000000
55781.000000
56621.000000
5369.000000
38634.000000
121248.000000
34119.000000
115680.000000
26406.000000
44293.000000
35490.000000
91886.000000
80178.000000
82648.000000
49211.000000
37348.000000
93442.000000
90594.000000
100095.000000
9860.000000
96386.000000
29300.000000
105880.000000
73823.000000
117355.000000
9208.000000
61437.000000
34855.000000
111447.000000
68568.000000
56703.000000
32825.000000
28456.000000
2027.000000
89382.000000
113645.000000
72146.000000
120337.000000
