0.000000
0.000000
0.000000
0.000000
0.000000
0.000000
0.000000
0.000000
0.000000
0.000000
0.000000
0.000000
0.000000
0.000000
0.000000
0.000000
0.000000
0.000000
0.000000
0.000000
0.000000
0.000000
0.000000
0.000000
0.000000
0.000000
0.000000
0.000000
0.000000
0.000000
0.000000
0.000000
0.000000
0.000000
0.000000
0.000000
0.000000
0.000000
0.000000
0.000000
0.000000
0.000000
0.000000
0.000000
0.000000
0.000000
0.000000
0.000000
0.000000
0.000000
0.000000
0.000000
0.000000
0.000000
0.000000
0.000000
0.000000
0.000000
0.000000
0.000000
0.000000
0.000000
1181410.000000
245585.000000
91996.000000
100925.000000
230924.000000
37450.000000
246271.000000
89299.000000
18068.000000
138704.000000
53467.000000
153551.000000
24289.000000
57577.000000
61943.000000
65403.000000
203356.000000
103738.000000
137660.000000
228322.000000
349831.000000
10248.000000
13921.000000
6241.000000
44039.000000
144054.000000
118036.000000
10705.000000
9411.000000
4051.000000
13048.000000
11012.000000
71792.000000
131802.000000
155060.000000
154257.000000
8247.000000
6623.000000
5149.000000
10112.000000
164338.000000
4584.000000
4007.000000
45238.000000
17398.000000
217676.000000
269176.000000
67190.000000
69738.000000
55856.000000
20223.000000
181676.000000
104580.000000
265747.000000
2037.000000
278707.000000
189775.000000
106921.000000
151078.000000
62413.000000
95092.000000
68383.000000
53962.000000
52809.000000
187795.000000
5493.000000
146349.000000
181098.000000
243521.000000
55744.000000
293082.000000
193563.000000
26611.000000
50074.000000
267424.000000
205562.000000
228659.000000
13859.000000
14997.000000
4378.000000
100224.000000
48897.000000
156163.000000
120536.000000
107266.000000
111873.000000
45385.000000
148412.000000
133797.000000
220303.000000
29659.000000
230959.000000
281803.000000
168294.000000
261078.000000
100901.000000
114715.000000
126875.000000
60705.000000
32494.000000
20182.000000
12236.000000
178179.000000
80886.000000
199662.000000
24378.000000
7925.000000
254422.000000
185726.000000
241578.000000
98374.000000
229581.000000
46542.000000
179788.000000
42763.000000
257051.000000
182921.000000
32577.000000
257158.000000
226339.000000
179074.000000
71402.000000
193694.000000
73976.000000
20237.000000
36351.000000
32545.000000
121917.000000
6942.000000
6608.000000
7270.000000
36122.000000
12411.000000
12420.000000
8915.000000
17232.000000
45387.000000
17107.000000
41472.000000
71842.000000
7081.000000
13206.000000
126868.000000
3983.000000
150000.000000
211006.000000
164292.000000
82152.000000
6589.000000
266353.000000
20329.000000
33158.000000
34981.000000
112961.000000
283206.000000
112121.000000
176457.000000
286959.000000
297039.000000
44611.000000
43072.000000
245763.000000
7485.000000
56648.000000
9533.000000
26341.000000
21079.000000
5842.000000
5365.000000
6997.000000
6938.000000
122054.000000
88829.000000
6907.000000
4565.000000
6273.000000
28709.000000
12784.000000
139261.000000
8802.000000
5697.000000
12231.000000
20592.000000
195008.000000
138405.000000
288154.000000
201086.000000
184265.000000
277301.000000
61300.000000
13597.000000
8404.000000
230678.000000
121136.000000
56077.000000
110933.000000
239775.000000
35311.000000
33827.000000
26201.000000
178343.000000
13333.000000
128756.000000
44472.000000
201607.000000
191060.000000
234521.000000
110386.000000
52140.000000
126542.000000
115853.000000
27614.000000
37728.000000
12742.000000
5432.000000
5074.000000
9512.000000
8450.000000
8054.000000
156598.000000
218150.000000
30536.000000
244496.000000
22013.000000
133427.000000
39895.000000
186652.000000
140851.000000
252821.000000
306387.000000
209513.000000
47293.000000
108576.000000
227822.000000
194788.000000
255422.000000
110655.000000
290767.000000
303661.000000
214555.000000
184079.000000
219048.000000
40411.000000
228539.000000
263437.000000
141598.000000
304371.000000
170808.000000
30833.000000
131733.000000
194946.000000
9466.000000
196245.000000
213492.000000
194811.000000
17400.000000
180324.000000
217347.000000
239536.000000
204498.000000
248848.000000
27240.000000
39735.000000
76045.000000
177365.000000
65228.000000
5889.000000
246949.000000
171110.000000
47940.000000
35206.000000
8323.000000
5747.000000
6828.000000
240132.000000
167342.000000
76595.000000
68057.000000
53225.000000
236862.000000
226157.000000
86665.000000
271619.000000
198316.000000
122252.000000
146646.000000
142335.000000
45850.000000
26508.000000
9661.000000
80785.000000
98548.000000
9498.000000
62477.000000
281834.000000
100500.000000
106921.000000
25553.000000
33223.000000
103315.000000
40734.000000
6715.000000
12742.000000
230968.000000
94585.000000
84954.000000
19738.000000
5432.000000
9512.000000
8450.000000
8054.000000
14834.000000
22652.000000
230816.000000
246482.000000
31483.000000
257995.000000
111666.000000
22039.000000
251470.000000
26054.000000
75962.000000
43735.000000
37632.000000
266372.000000
235771.000000
9466.000000
231590.000000
244650.000000
282296.000000
54913.000000
245315.000000
238537.000000
13048.000000
8957.000000
157615.000000
5822.000000
37469.000000
68241.000000
292885.000000
232292.000000
28784.000000
35236.000000
10067.000000
30086.000000
49013.000000
224692.000000
16256.000000
12179.000000
135593.000000
100012.000000
54765.000000
3707.000000
31882.000000
346321.000000
35449.000000
232292.000000
27858.000000
40225.000000
35197.000000
145864.000000
304184.000000
104126.000000
28405.000000
40637.000000
296952.000000
151626.000000
131990.000000
9567.000000
126852.000000
32457.000000
322548.000000
69239.000000
241755.000000
6830.000000
100638.000000
24289.000000
213297.000000
94546.000000
59055.000000
21650.000000
24667.000000
2524.000000
118748.000000
222705.000000
127017.000000
238781.000000
