0.000000
0.000000
0.000000
0.000000
0.000000
0.000000
0.000000
0.000000
0.000000
0.000000
0.000000
0.000000
0.000000
0.000000
0.000000
0.000000
0.000000
0.000000
0.000000
0.000000
0.000000
0.000000
0.000000
0.000000
0.000000
0.000000
0.000000
0.000000
0.000000
0.000000
0.000000
0.000000
0.000000
0.000000
0.000000
0.000000
0.000000
0.000000
0.000000
0.000000
0.000000
0.000000
0.000000
0.000000
0.000000
0.000000
0.000000
0.000000
0.000000
0.000000
0.000000
0.000000
0.000000
0.000000
0.000000
0.000000
0.000000
0.000000
0.000000
0.000000
0.000000
0.000000
0.000000
2948419.000000
93160.000000
103763.000000
142430.000000
43866.000000
335005.000000
89495.000000
18596.000000
145421.000000
63524.000000
193357.000000
21859.000000
74155.000000
89477.000000
49554.000000
250616.000000
116757.000000
135553.000000
455659.000000
582773.000000
14254.000000
19234.000000
6247.000000
46412.000000
232858.000000
116138.000000
10022.000000
7161.000000
6257.000000
23967.000000
7141.000000
82961.000000
139888.000000
119290.000000
169427.000000
8540.000000
8569.000000
6614.000000
11233.000000
234561.000000
4804.000000
3193.000000
68098.000000
21262.000000
200606.000000
630496.000000
59701.000000
93560.000000
42417.000000
12346.000000
281095.000000
86178.000000
549700.000000
2241.000000
648620.000000
176128.000000
105281.000000
169497.000000
53556.000000
116306.000000
81789.000000
72352.000000
58991.000000
173863.000000
6214.000000
139515.000000
210771.000000
271347.000000
56883.000000
630793.000000
225270.000000
30807.000000
65123.000000
485944.000000
503448.000000
234149.000000
14545.000000
6915.000000
6094.000000
145556.000000
69730.000000
243962.000000
141812.000000
140220.000000
172390.000000
44955.000000
171678.000000
139781.000000
256479.000000
19310.000000
521249.000000
559258.000000
209250.000000
593340.000000
93948.000000
114398.000000
118086.000000
76960.000000
35011.000000
29539.000000
19488.000000
263202.000000
82093.000000
310261.000000
40291.000000
7877.000000
487104.000000
245968.000000
275049.000000
90982.000000
289656.000000
44053.000000
223952.000000
53230.000000
562806.000000
193199.000000
38322.000000
321728.000000
441842.000000
224768.000000
105622.000000
200618.000000
93175.000000
21426.000000
31629.000000
50782.000000
129807.000000
6389.000000
5532.000000
9382.000000
37290.000000
12575.000000
11839.000000
10626.000000
25709.000000
51021.000000
21778.000000
56816.000000
72289.000000
7985.000000
14440.000000
186916.000000
5722.000000
190186.000000
259609.000000
269864.000000
64942.000000
9401.000000
512705.000000
21583.000000
45175.000000
42468.000000
136288.000000
390913.000000
131118.000000
268239.000000
756762.000000
734186.000000
45027.000000
36437.000000
504705.000000
6552.000000
43430.000000
8991.000000
22890.000000
24975.000000
7034.000000
3993.000000
6957.000000
9620.000000
146819.000000
117790.000000
9076.000000
5317.000000
5563.000000
33987.000000
14369.000000
123767.000000
8129.000000
5938.000000
16363.000000
21183.000000
190153.000000
144306.000000
696131.000000
216632.000000
160168.000000
373547.000000
50060.000000
14494.000000
7537.000000
468748.000000
196067.000000
48994.000000
107474.000000
663216.000000
47585.000000
36592.000000
34131.000000
185639.000000
14388.000000
115457.000000
48942.000000
203957.000000
262594.000000
222123.000000
136988.000000
46921.000000
170770.000000
133537.000000
26512.000000
39132.000000
23535.000000
7309.000000
5002.000000
7632.000000
7135.000000
10875.000000
119404.000000
435111.000000
38563.000000
411611.000000
22656.000000
115591.000000
35525.000000
195759.000000
160854.000000
663042.000000
213348.000000
298090.000000
49166.000000
110406.000000
446080.000000
220891.000000
546839.000000
148250.000000
373406.000000
633051.000000
368333.000000
176456.000000
329989.000000
24914.000000
164210.000000
449482.000000
129831.000000
327985.000000
141057.000000
35403.000000
153656.000000
197364.000000
15418.000000
276550.000000
204414.000000
264368.000000
18384.000000
235611.000000
433011.000000
292484.000000
214873.000000
300707.000000
22187.000000
31689.000000
102070.000000
530918.000000
68437.000000
6038.000000
673004.000000
160941.000000
55017.000000
35559.000000
10701.000000
4037.000000
4537.000000
534971.000000
169562.000000
92227.000000
84531.000000
61999.000000
566512.000000
276981.000000
91416.000000
569334.000000
428958.000000
152482.000000
167119.000000
246568.000000
53825.000000
23465.000000
10639.000000
100994.000000
134211.000000
9174.000000
59140.000000
467816.000000
130477.000000
105281.000000
28922.000000
31097.000000
72019.000000
41289.000000
11466.000000
23565.000000
344707.000000
108899.000000
110435.000000
19011.000000
7309.000000
7632.000000
7135.000000
10875.000000
12776.000000
18449.000000
593465.000000
434651.000000
46393.000000
608968.000000
124623.000000
26680.000000
243652.000000
26355.000000
86573.000000
34234.000000
44733.000000
698958.000000
378608.000000
15418.000000
350925.000000
483756.000000
660663.000000
62043.000000
279937.000000
311254.000000
23967.000000
12700.000000
176096.000000
6565.000000
37380.000000
80172.000000
284204.000000
478433.000000
39928.000000
30416.000000
14293.000000
31983.000000
43663.000000
462476.000000
17021.000000
13649.000000
209732.000000
90808.000000
63042.000000
3513.000000
18590.000000
672290.000000
38439.000000
478443.000000
30027.000000
37335.000000
30416.000000
145005.000000
318967.000000
107164.000000
90235.000000
80509.000000
284426.000000
345345.000000
152966.000000
8306.000000
137188.000000
31102.000000
391440.000000
71023.000000
318159.000000
11737.000000
71105.000000
21859.000000
198750.000000
97524.000000
68159.000000
26972.000000
26463.000000
2737.000000
159795.000000
252653.000000
96335.000000
407051.000000
