0.000000
0.000000
0.000000
0.000000
0.000000
0.000000
0.000000
0.000000
0.000000
0.000000
0.000000
0.000000
0.000000
0.000000
0.000000
0.000000
0.000000
0.000000
0.000000
0.000000
0.000000
0.000000
0.000000
0.000000
0.000000
0.000000
0.000000
0.000000
0.000000
0.000000
0.000000
0.000000
0.000000
0.000000
0.000000
0.000000
0.000000
0.000000
0.000000
0.000000
0.000000
0.000000
0.000000
0.000000
0.000000
0.000000
0.000000
0.000000
0.000000
0.000000
0.000000
0.000000
0.000000
0.000000
0.000000
0.000000
0.000000
0.000000
0.000000
0.000000
0.000000
0.000000
0.000000
0.000000
571035.000000
77100.000000
117465.000000
47763.000000
114094.000000
66064.000000
19731.000000
89797.000000
52891.000000
110890.000000
27180.000000
56891.000000
68513.000000
74765.000000
116656.000000
102306.000000
105050.000000
103748.000000
126341.000000
10834.000000
18825.000000
7028.000000
45013.000000
94840.000000
96443.000000
10113.000000
5798.000000
4368.000000
25392.000000
14193.000000
60720.000000
97061.000000
92436.000000
141663.000000
5329.000000
4840.000000
4214.000000
10807.000000
109871.000000
5329.000000
5944.000000
59322.000000
17560.000000
106755.000000
116749.000000
60928.000000
86416.000000
49430.000000
16732.000000
100812.000000
69278.000000
105880.000000
1719.000000
126263.000000
102331.000000
89873.000000
114556.000000
61904.000000
86890.000000
69874.000000
65436.000000
64055.000000
83490.000000
8056.000000
108720.000000
112904.000000
140468.000000
50779.000000
123983.000000
93790.000000
36087.000000
73931.000000
120616.000000
96116.000000
113286.000000
12978.000000
10911.000000
4243.000000
83188.000000
57551.000000
134169.000000
78731.000000
89460.000000
86655.000000
54974.000000
117053.000000
84019.000000
112264.000000
30521.000000
119583.000000
130530.000000
115549.000000
109196.000000
104395.000000
78914.000000
99939.000000
64143.000000
36307.000000
28588.000000
14692.000000
105987.000000
83384.000000
134931.000000
41587.000000
11800.000000
105997.000000
129908.000000
87000.000000
90584.000000
122157.000000
59247.000000
100525.000000
57783.000000
116456.000000
119697.000000
28120.000000
111561.000000
140488.000000
98654.000000
85930.000000
86912.000000
72251.000000
12255.000000
33439.000000
48684.000000
81466.000000
6167.000000
6073.000000
5819.000000
30877.000000
15430.000000
10004.000000
9669.000000
17688.000000
45254.000000
20487.000000
44308.000000
64649.000000
6861.000000
11719.000000
82127.000000
3340.000000
114107.000000
108090.000000
90532.000000
58937.000000
6636.000000
129459.000000
18045.000000
72239.000000
44161.000000
91056.000000
126846.000000
110846.000000
101134.000000
119605.000000
101896.000000
39693.000000
40482.000000
104064.000000
5783.000000
40224.000000
11779.000000
23756.000000
14512.000000
5514.000000
3945.000000
5549.000000
5052.000000
94574.000000
79001.000000
8843.000000
5229.000000
4559.000000
27431.000000
11322.000000
92957.000000
7355.000000
5000.000000
10377.000000
20386.000000
107221.000000
92993.000000
114397.000000
110081.000000
100298.000000
118479.000000
46072.000000
12696.000000
7240.000000
110462.000000
87733.000000
43697.000000
85831.000000
102407.000000
36108.000000
27512.000000
24282.000000
121650.000000
12501.000000
103161.000000
36912.000000
102271.000000
85148.000000
77871.000000
82760.000000
47541.000000
78833.000000
99808.000000
28224.000000
34595.000000
18964.000000
4262.000000
5216.000000
9307.000000
8513.000000
8973.000000
93561.000000
115269.000000
49213.000000
124850.000000
20542.000000
99130.000000
31439.000000
87052.000000
109474.000000
102782.000000
103963.000000
96098.000000
52183.000000
69734.000000
123409.000000
97277.000000
120002.000000
78806.000000
114999.000000
115822.000000
122240.000000
203920.000000
97983.000000
26489.000000
114466.000000
118214.000000
89938.000000
128005.000000
90313.000000
33267.000000
87415.000000
107407.000000
11428.000000
80771.000000
88469.000000
108024.000000
19097.000000
101972.000000
90689.000000
99596.000000
102538.000000
114454.000000
50878.000000
48946.000000
97151.000000
110594.000000
66439.000000
6859.000000
123833.000000
111953.000000
63213.000000
36784.000000
12152.000000
4694.000000
6320.000000
112522.000000
96966.000000
64384.000000
65471.000000
44918.000000
134146.000000
97500.000000
77146.000000
107022.000000
126513.000000
112289.000000
100509.000000
103064.000000
62872.000000
25853.000000
8812.000000
62460.000000
82420.000000
14827.000000
57913.000000
110828.000000
95922.000000
89873.000000
28242.000000
32075.000000
70108.000000
30925.000000
11206.000000
18964.000000
120664.000000
83542.000000
85491.000000
24467.000000
4262.000000
9307.000000
8513.000000
8973.000000
14518.000000
19000.000000
128032.000000
129760.000000
37492.000000
128322.000000
111476.000000
23595.000000
93165.000000
26903.000000
71561.000000
28020.000000
32371.000000
117820.000000
137023.000000
11428.000000
122890.000000
117412.000000
116632.000000
86627.000000
125255.000000
110054.000000
25392.000000
10457.000000
106135.000000
6143.000000
34865.000000
63664.000000
100848.000000
124767.000000
23243.000000
27229.000000
10532.000000
27808.000000
40359.000000
114217.000000
22094.000000
14241.000000
110059.000000
83013.000000
46012.000000
7181.000000
30851.000000
130780.000000
56279.000000
124767.000000
23435.000000
34658.000000
27229.000000
90374.000000
110572.000000
79023.000000
68462.000000
73838.000000
97638.000000
109716.000000
117572.000000
7539.000000
123670.000000
37530.000000
125255.000000
63448.000000
104666.000000
11284.000000
66964.000000
27180.000000
111191.000000
91717.000000
64198.000000
32489.000000
24729.000000
1919.000000
93708.000000
102666.000000
88153.000000
120427.000000
