0.000000
0.000000
0.000000
0.000000
0.000000
0.000000
0.000000
0.000000
0.000000
0.000000
0.000000
0.000000
0.000000
0.000000
0.000000
0.000000
0.000000
0.000000
0.000000
0.000000
0.000000
0.000000
0.000000
0.000000
0.000000
0.000000
0.000000
0.000000
0.000000
0.000000
0.000000
0.000000
0.000000
0.000000
0.000000
0.000000
0.000000
0.000000
0.000000
0.000000
0.000000
0.000000
0.000000
0.000000
0.000000
0.000000
0.000000
0.000000
0.000000
0.000000
0.000000
0.000000
0.000000
0.000000
0.000000
0.000000
0.000000
0.000000
0.000000
0.000000
0.000000
0.000000
0.000000
0.000000
0.000000
427941.000000
99201.000000
43221.000000
85306.000000
79192.000000
22248.000000
85801.000000
71703.000000
101533.000000
33589.000000
63827.000000
73021.000000
51325.000000
99550.000000
76113.000000
75737.000000
85141.000000
117600.000000
12343.000000
19126.000000
5424.000000
44714.000000
70858.000000
99605.000000
10832.000000
6976.000000
6180.000000
19975.000000
9696.000000
64505.000000
84451.000000
90726.000000
81300.000000
6652.000000
5728.000000
4343.000000
10239.000000
96820.000000
5422.000000
5230.000000
44605.000000
19364.000000
94944.000000
102149.000000
43287.000000
72009.000000
43119.000000
12186.000000
67903.000000
67862.000000
106208.000000
1959.000000
102699.000000
86659.000000
77390.000000
88112.000000
52069.000000
80955.000000
70869.000000
61605.000000
59334.000000
147961.000000
7394.000000
63047.000000
96795.000000
80924.000000
59684.000000
123519.000000
91524.000000
32072.000000
50674.000000
92582.000000
89423.000000
105704.000000
10244.000000
10844.000000
5139.000000
85863.000000
61598.000000
95925.000000
63265.000000
64827.000000
70547.000000
41792.000000
86269.000000
79624.000000
88327.000000
33695.000000
83298.000000
103593.000000
94427.000000
91643.000000
96069.000000
92389.000000
100066.000000
61517.000000
32652.000000
23596.000000
13805.000000
82247.000000
61035.000000
92595.000000
28924.000000
9443.000000
88126.000000
99559.000000
80935.000000
74989.000000
68549.000000
51608.000000
104935.000000
39541.000000
105618.000000
87023.000000
24641.000000
75371.000000
77739.000000
104935.000000
80012.000000
92117.000000
76475.000000
21595.000000
28908.000000
32057.000000
87256.000000
8472.000000
6049.000000
7798.000000
31232.000000
12048.000000
10460.000000
10643.000000
19633.000000
44140.000000
18983.000000
46350.000000
68498.000000
9240.000000
14898.000000
86662.000000
3473.000000
91607.000000
96998.000000
80474.000000
71129.000000
7696.000000
91658.000000
16886.000000
38067.000000
41848.000000
96334.000000
124501.000000
77461.000000
79386.000000
115357.000000
101245.000000
76086.000000
36018.000000
94825.000000
6124.000000
47645.000000
9006.000000
27383.000000
21442.000000
5624.000000
4276.000000
5764.000000
8910.000000
102351.000000
74521.000000
9177.000000
5227.000000
5562.000000
27362.000000
13149.000000
87230.000000
6701.000000
5028.000000
10566.000000
21443.000000
100304.000000
100397.000000
99140.000000
97304.000000
97712.000000
108778.000000
54952.000000
14743.000000
8104.000000
91369.000000
89198.000000
61335.000000
92861.000000
100972.000000
41512.000000
29361.000000
27606.000000
91721.000000
16999.000000
81121.000000
50790.000000
103849.000000
118324.000000
114100.000000
85739.000000
50638.000000
90357.000000
89300.000000
29984.000000
37852.000000
17613.000000
6042.000000
5473.000000
7492.000000
8612.000000
10509.000000
86459.000000
95990.000000
36770.000000
100737.000000
18590.000000
90386.000000
35637.000000
104811.000000
76531.000000
102004.000000
85540.000000
100111.000000
46441.000000
93689.000000
100885.000000
124966.000000
101109.000000
65510.000000
112262.000000
108452.000000
90283.000000
102386.000000
92796.000000
26844.000000
102753.000000
100015.000000
96199.000000
105634.000000
100192.000000
34822.000000
84911.000000
109434.000000
12159.000000
104805.000000
103295.000000
102169.000000
17543.000000
89325.000000
87601.000000
94697.000000
103368.000000
110778.000000
76935.000000
57062.000000
62960.000000
78035.000000
59784.000000
5321.000000
110573.000000
84676.000000
49387.000000
33402.000000
10541.000000
4422.000000
7193.000000
104742.000000
106347.000000
62830.000000
60950.000000
39761.000000
95834.000000
91314.000000
61485.000000
90353.000000
78290.000000
106329.000000
87863.000000
73240.000000
44742.000000
24574.000000
11167.000000
78696.000000
71697.000000
9614.000000
55181.000000
89024.000000
95208.000000
77390.000000
22460.000000
31358.000000
64907.000000
43631.000000
10129.000000
17613.000000
98840.000000
73883.000000
79856.000000
19518.000000
6042.000000
7492.000000
8612.000000
10509.000000
14717.000000
23948.000000
85227.000000
90478.000000
29036.000000
85924.000000
56505.000000
17023.000000
76594.000000
25885.000000
66618.000000
33761.000000
47396.000000
113391.000000
98310.000000
12159.000000
93433.000000
105574.000000
101620.000000
55060.000000
94525.000000
88398.000000
19975.000000
8084.000000
101648.000000
6671.000000
47455.000000
69904.000000
84769.000000
80541.000000
32939.000000
33060.000000
11032.000000
28388.000000
40919.000000
89778.000000
13795.000000
12006.000000
76666.000000
73794.000000
53134.000000
5287.000000
44774.000000
107993.000000
32127.000000
80541.000000
32597.000000
47100.000000
33060.000000
100734.000000
86928.000000
86489.000000
64620.000000
48108.000000
84007.000000
57325.000000
87154.000000
10977.000000
103729.000000
32417.000000
94232.000000
55572.000000
103514.000000
10278.000000
62485.000000
33589.000000
92113.000000
63260.000000
58430.000000
33911.000000
24223.000000
2873.000000
70564.000000
89103.000000
74224.000000
95397.000000
