0.000000
0.000000
0.000000
0.000000
0.000000
0.000000
0.000000
0.000000
0.000000
0.000000
0.000000
0.000000
0.000000
0.000000
0.000000
0.000000
0.000000
0.000000
0.000000
0.000000
0.000000
0.000000
0.000000
0.000000
0.000000
0.000000
0.000000
0.000000
0.000000
0.000000
0.000000
0.000000
0.000000
0.000000
0.000000
0.000000
0.000000
0.000000
0.000000
0.000000
0.000000
0.000000
0.000000
0.000000
0.000000
0.000000
0.000000
0.000000
0.000000
0.000000
0.000000
0.000000
0.000000
0.000000
0.000000
0.000000
0.000000
0.000000
0.000000
0.000000
0.000000
0.000000
0.000000
0.000000
0.000000
0.000000
1270884.000000
45466.000000
219443.000000
87818.000000
18909.000000
94352.000000
75395.000000
119514.000000
37704.000000
68542.000000
91990.000000
122380.000000
164715.000000
83704.000000
135012.000000
192610.000000
330258.000000
12546.000000
18749.000000
5606.000000
60731.000000
135923.000000
95622.000000
8299.000000
5582.000000
3940.000000
19998.000000
11254.000000
58958.000000
90511.000000
112069.000000
118088.000000
7357.000000
6743.000000
5093.000000
11137.000000
117491.000000
7313.000000
5499.000000
35574.000000
18839.000000
179165.000000
231935.000000
81158.000000
67048.000000
60707.000000
19074.000000
147267.000000
70674.000000
149378.000000
1856.000000
248417.000000
134751.000000
106482.000000
135931.000000
62235.000000
78029.000000
67303.000000
61457.000000
53151.000000
148784.000000
8033.000000
178462.000000
134833.000000
256534.000000
64995.000000
314558.000000
115830.000000
33518.000000
55679.000000
186191.000000
276744.000000
153888.000000
13260.000000
12515.000000
5085.000000
99734.000000
56622.000000
131618.000000
95788.000000
110054.000000
111348.000000
47016.000000
134282.000000
96314.000000
162828.000000
40983.000000
211308.000000
167800.000000
175942.000000
214065.000000
193459.000000
117678.000000
115196.000000
70575.000000
42111.000000
30013.000000
13252.000000
145915.000000
65258.000000
250111.000000
36624.000000
11294.000000
224830.000000
156746.000000
181491.000000
114049.000000
191978.000000
44888.000000
97258.000000
41133.000000
211980.000000
169070.000000
27143.000000
246668.000000
306735.000000
96736.000000
70757.000000
132616.000000
91795.000000
20043.000000
35022.000000
33211.000000
81403.000000
6488.000000
6691.000000
5388.000000
36335.000000
12959.000000
11092.000000
11593.000000
20589.000000
59359.000000
14395.000000
52756.000000
68084.000000
9210.000000
13952.000000
96812.000000
4119.000000
102397.000000
139546.000000
131134.000000
72852.000000
6228.000000
253645.000000
18588.000000
57704.000000
54196.000000
86838.000000
277447.000000
108804.000000
136796.000000
274674.000000
206049.000000
50352.000000
33241.000000
215243.000000
6553.000000
51598.000000
9915.000000
24227.000000
21098.000000
5755.000000
3977.000000
6729.000000
10033.000000
99657.000000
90940.000000
7893.000000
4230.000000
5647.000000
31969.000000
10951.000000
103565.000000
7325.000000
4929.000000
11986.000000
19101.000000
156372.000000
104491.000000
244553.000000
142181.000000
104843.000000
228007.000000
57462.000000
12866.000000
8688.000000
171432.000000
103173.000000
60215.000000
82869.000000
203444.000000
43478.000000
30193.000000
28264.000000
126386.000000
16521.000000
98991.000000
45117.000000
155661.000000
89112.000000
162136.000000
75790.000000
60585.000000
69404.000000
91048.000000
36411.000000
36090.000000
24411.000000
6079.000000
5557.000000
8319.000000
10179.000000
8497.000000
111811.000000
169488.000000
9357.000000
174693.000000
18468.000000
107492.000000
43967.000000
115584.000000
103563.000000
169852.000000
207223.000000
172612.000000
37945.000000
81399.000000
166030.000000
122779.000000
325281.000000
77615.000000
290895.000000
255607.000000
176193.000000
169833.000000
130382.000000
33164.000000
228020.000000
170071.000000
98332.000000
268914.000000
103372.000000
30571.000000
122190.000000
149544.000000
11548.000000
80610.000000
107435.000000
263821.000000
16732.000000
123167.000000
124949.000000
202292.000000
164769.000000
215491.000000
56516.000000
70255.000000
95114.000000
162280.000000
64866.000000
5999.000000
178222.000000
118485.000000
55959.000000
38511.000000
9190.000000
6090.000000
9354.000000
224913.000000
96221.000000
56198.000000
55134.000000
59748.000000
204998.000000
185762.000000
73387.000000
209707.000000
171691.000000
86184.000000
117681.000000
146724.000000
50096.000000
27914.000000
10667.000000
81333.000000
65187.000000
15161.000000
54340.000000
272628.000000
92615.000000
106482.000000
22510.000000
45204.000000
94659.000000
42796.000000
7370.000000
24411.000000
225831.000000
109192.000000
116214.000000
22475.000000
6079.000000
8319.000000
10179.000000
8497.000000
18206.000000
28663.000000
204033.000000
268923.000000
31551.000000
200366.000000
96755.000000
19728.000000
181988.000000
31375.000000
80888.000000
46854.000000
38772.000000
267274.000000
209927.000000
11548.000000
202844.000000
192469.000000
155938.000000
63534.000000
270654.000000
237567.000000
19998.000000
11537.000000
97382.000000
6294.000000
35937.000000
80056.000000
224088.000000
265224.000000
32060.000000
31723.000000
12140.000000
24886.000000
41488.000000
180395.000000
20289.000000
12931.000000
186782.000000
46587.000000
49225.000000
6259.000000
42822.000000
209500.000000
37880.000000
265224.000000
39787.000000
35806.000000
32094.000000
105358.000000
278709.000000
86363.000000
78258.000000
62641.000000
224949.000000
185077.000000
122663.000000
11145.000000
98193.000000
36885.000000
346812.000000
71554.000000
168512.000000
7139.000000
92855.000000
37704.000000
160223.000000
114176.000000
59773.000000
45141.000000
25151.000000
2584.000000
117574.000000
164932.000000
116829.000000
198818.000000
