0.000000
0.000000
0.000000
0.000000
0.000000
0.000000
0.000000
0.000000
0.000000
0.000000
0.000000
0.000000
0.000000
0.000000
0.000000
0.000000
0.000000
0.000000
0.000000
0.000000
0.000000
0.000000
0.000000
0.000000
0.000000
0.000000
0.000000
0.000000
0.000000
0.000000
0.000000
0.000000
0.000000
0.000000
0.000000
0.000000
0.000000
0.000000
0.000000
0.000000
0.000000
0.000000
0.000000
0.000000
0.000000
0.000000
0.000000
0.000000
0.000000
0.000000
0.000000
0.000000
0.000000
0.000000
0.000000
0.000000
0.000000
0.000000
0.000000
0.000000
0.000000
0.000000
0.000000
0.000000
0.000000
0.000000
0.000000
215966.000000
44758.000000
38456.000000
21779.000000
49856.000000
37899.000000
49792.000000
25856.000000
40424.000000
34578.000000
35258.000000
45162.000000
54111.000000
49181.000000
44225.000000
50922.000000
9758.000000
20728.000000
5964.000000
27299.000000
34787.000000
44181.000000
10054.000000
6283.000000
3942.000000
21702.000000
13204.000000
42442.000000
51579.000000
50005.000000
46820.000000
6272.000000
6643.000000
4666.000000
12053.000000
49904.000000
5159.000000
5398.000000
35687.000000
18774.000000
55252.000000
46939.000000
41124.000000
36572.000000
28815.000000
18122.000000
38309.000000
42480.000000
49956.000000
1671.000000
55436.000000
43321.000000
40093.000000
49142.000000
34823.000000
51951.000000
43828.000000
39389.000000
41652.000000
43504.000000
5690.000000
42414.000000
44447.000000
42563.000000
46665.000000
55209.000000
41624.000000
32407.000000
44649.000000
58651.000000
52453.000000
51749.000000
9129.000000
6467.000000
4187.000000
45988.000000
39199.000000
47744.000000
40114.000000
31501.000000
31620.000000
37771.000000
49142.000000
46115.000000
41509.000000
24747.000000
43526.000000
43139.000000
53664.000000
45681.000000
40562.000000
42792.000000
40092.000000
38534.000000
27012.000000
18923.000000
12433.000000
43321.000000
32010.000000
50504.000000
26167.000000
12020.000000
50392.000000
42594.000000
45977.000000
36540.000000
45458.000000
34188.000000
50009.000000
40241.000000
53330.000000
47116.000000
29455.000000
48938.000000
56293.000000
46296.000000
43176.000000
47170.000000
39249.000000
16803.000000
26436.000000
34263.000000
46196.000000
7905.000000
6492.000000
6961.000000
34483.000000
8141.000000
9580.000000
8045.000000
17240.000000
39425.000000
17897.000000
42754.000000
38175.000000
9495.000000
13754.000000
61424.000000
3594.000000
56038.000000
55259.000000
34174.000000
32083.000000
9180.000000
45007.000000
18044.000000
29264.000000
34242.000000
45559.000000
45453.000000
59236.000000
49867.000000
49914.000000
50921.000000
34335.000000
36032.000000
47712.000000
5967.000000
35841.000000
9345.000000
18142.000000
16690.000000
5908.000000
3897.000000
8242.000000
7047.000000
44112.000000
45429.000000
7428.000000
4431.000000
5013.000000
23507.000000
13086.000000
54503.000000
7245.000000
4205.000000
11242.000000
20616.000000
44417.000000
46966.000000
50147.000000
51023.000000
54518.000000
58404.000000
32038.000000
12406.000000
6442.000000
49808.000000
40075.000000
44020.000000
51581.000000
53425.000000
30357.000000
21911.000000
23114.000000
51453.000000
9734.000000
46730.000000
29324.000000
41312.000000
42654.000000
41811.000000
35435.000000
40168.000000
44018.000000
39074.000000
23371.000000
32766.000000
20214.000000
5356.000000
4894.000000
11203.000000
8999.000000
7454.000000
50215.000000
44646.000000
34138.000000
49920.000000
20613.000000
57416.000000
38849.000000
40531.000000
40268.000000
49083.000000
45357.000000
50418.000000
113758.000000
42936.000000
46350.000000
42952.000000
51883.000000
39953.000000
48651.000000
55220.000000
38144.000000
51719.000000
60799.000000
22001.000000
47500.000000
44000.000000
42998.000000
48714.000000
55548.000000
32655.000000
45039.000000
38402.000000
10488.000000
45984.000000
46988.000000
48705.000000
18748.000000
47226.000000
40903.000000
49860.000000
51863.000000
44075.000000
26662.000000
34734.000000
30786.000000
51712.000000
46277.000000
5996.000000
53301.000000
44439.000000
36481.000000
35897.000000
9873.000000
5305.000000
6210.000000
52901.000000
39097.000000
47840.000000
40732.000000
33157.000000
48889.000000
42621.000000
38262.000000
46363.000000
59340.000000
48170.000000
43930.000000
38946.000000
33433.000000
20698.000000
7877.000000
50707.000000
37255.000000
8980.000000
37480.000000
41945.000000
44563.000000
40093.000000
30386.000000
36903.000000
25305.000000
37717.000000
9773.000000
20214.000000
43447.000000
58849.000000
45886.000000
20681.000000
5356.000000
11203.000000
8999.000000
7454.000000
15030.000000
10081.000000
54195.000000
50155.000000
33556.000000
51602.000000
43323.000000
22449.000000
37254.000000
18886.000000
48368.000000
29613.000000
28517.000000
56532.000000
56973.000000
10488.000000
46345.000000
51446.000000
53026.000000
36241.000000
52768.000000
41322.000000
21702.000000
11404.000000
43404.000000
7758.000000
33561.000000
46184.000000
43325.000000
34791.000000
23601.000000
19940.000000
11857.000000
29820.000000
34029.000000
43352.000000
17755.000000
12228.000000
31424.000000
44941.000000
39532.000000
4534.000000
24330.000000
52518.000000
40551.000000
34818.000000
22728.000000
33559.000000
19940.000000
46599.000000
45348.000000
44071.000000
26326.000000
29918.000000
42216.000000
39458.000000
42664.000000
8682.000000
54281.000000
33195.000000
47108.000000
40498.000000
50206.000000
9649.000000
25305.000000
25856.000000
55014.000000
41970.000000
41490.000000
20983.000000
29905.000000
2480.000000
47525.000000
45859.000000
41289.000000
60948.000000
