0.000000
0.000000
0.000000
0.000000
0.000000
0.000000
0.000000
0.000000
0.000000
0.000000
0.000000
0.000000
0.000000
0.000000
0.000000
0.000000
0.000000
0.000000
0.000000
0.000000
0.000000
0.000000
0.000000
0.000000
0.000000
0.000000
0.000000
0.000000
0.000000
0.000000
0.000000
0.000000
0.000000
0.000000
0.000000
0.000000
0.000000
0.000000
0.000000
0.000000
0.000000
0.000000
0.000000
0.000000
0.000000
0.000000
0.000000
0.000000
0.000000
0.000000
0.000000
0.000000
0.000000
0.000000
0.000000
0.000000
0.000000
0.000000
0.000000
0.000000
0.000000
0.000000
0.000000
0.000000
0.000000
0.000000
0.000000
0.000000
1936022.000000
92436.000000
17396.000000
126928.000000
50001.000000
170377.000000
34317.000000
63447.000000
70467.000000
185382.000000
246264.000000
75655.000000
110831.000000
327471.000000
395522.000000
9722.000000
17073.000000
5302.000000
47969.000000
220859.000000
118898.000000
9202.000000
7425.000000
2949.000000
20182.000000
13372.000000
74334.000000
125690.000000
123854.000000
147144.000000
7015.000000
6713.000000
6598.000000
10300.000000
204039.000000
5994.000000
4939.000000
49099.000000
17296.000000
194307.000000
358237.000000
82260.000000
107550.000000
47695.000000
24462.000000
268065.000000
84599.000000
366620.000000
1602.000000
362968.000000
208765.000000
105062.000000
185388.000000
80738.000000
101931.000000
71249.000000
61094.000000
47081.000000
191944.000000
10187.000000
175012.000000
231902.000000
320404.000000
56766.000000
440451.000000
176578.000000
33077.000000
62682.000000
364444.000000
325396.000000
215745.000000
11511.000000
9169.000000
3602.000000
135141.000000
63585.000000
200865.000000
171353.000000
176354.000000
198995.000000
50196.000000
191123.000000
118479.000000
227014.000000
41941.000000
343198.000000
367058.000000
215466.000000
361053.000000
138413.000000
120672.000000
121230.000000
73793.000000
43665.000000
21837.000000
15602.000000
247975.000000
86976.000000
311332.000000
44238.000000
8187.000000
361791.000000
255666.000000
295613.000000
129243.000000
293670.000000
58831.000000
179831.000000
48538.000000
393194.000000
196576.000000
27399.000000
271955.000000
352641.000000
181856.000000
85663.000000
162645.000000
78310.000000
19768.000000
36976.000000
42486.000000
112272.000000
6750.000000
4755.000000
6532.000000
33787.000000
11454.000000
9908.000000
10037.000000
18353.000000
41474.000000
19878.000000
39681.000000
58263.000000
8418.000000
12527.000000
171193.000000
3727.000000
190989.000000
223805.000000
205061.000000
85176.000000
6899.000000
380968.000000
20661.000000
61220.000000
49325.000000
123415.000000
296010.000000
106835.000000
190221.000000
408435.000000
413045.000000
48958.000000
35931.000000
331131.000000
4941.000000
65048.000000
9990.000000
17078.000000
18812.000000
6041.000000
3958.000000
6216.000000
7134.000000
113354.000000
96593.000000
8354.000000
5777.000000
5136.000000
26901.000000
12490.000000
134588.000000
6126.000000
5627.000000
11111.000000
23977.000000
195080.000000
130971.000000
405615.000000
188867.000000
153936.000000
330576.000000
42046.000000
12360.000000
7457.000000
300282.000000
164377.000000
51881.000000
99171.000000
352887.000000
42180.000000
27622.000000
28650.000000
172527.000000
12698.000000
120478.000000
46938.000000
167825.000000
180004.000000
192458.000000
137321.000000
52047.000000
123810.000000
122779.000000
31138.000000
48910.000000
19651.000000
6005.000000
5743.000000
7639.000000
9319.000000
11237.000000
125173.000000
361029.000000
48299.000000
364169.000000
19935.000000
123659.000000
41071.000000
159502.000000
174008.000000
412167.000000
209558.000000
242701.000000
48891.000000
104833.000000
341365.000000
190420.000000
399044.000000
141530.000000
375055.000000
350597.000000
288484.000000
189057.000000
294250.000000
35704.000000
215596.000000
351684.000000
131651.000000
284180.000000
119084.000000
32225.000000
164612.000000
193895.000000
14000.000000
211589.000000
176306.000000
281463.000000
20177.000000
173434.000000
265605.000000
312883.000000
215492.000000
277637.000000
61368.000000
66316.000000
99043.000000
310738.000000
76615.000000
8118.000000
367345.000000
167401.000000
61330.000000
43861.000000
9180.000000
5822.000000
5505.000000
369351.000000
129623.000000
92706.000000
75384.000000
68827.000000
378360.000000
291069.000000
87813.000000
368697.000000
279997.000000
103563.000000
150343.000000
245175.000000
45960.000000
25984.000000
8482.000000
68905.000000
103254.000000
15642.000000
65841.000000
384141.000000
97020.000000
105062.000000
25905.000000
28473.000000
96961.000000
38401.000000
11123.000000
23035.000000
269456.000000
112319.000000
94133.000000
24000.000000
6005.000000
7639.000000
9319.000000
11237.000000
17336.000000
24031.000000
373697.000000
316626.000000
38670.000000
413778.000000
127341.000000
24180.000000
283093.000000
27590.000000
79002.000000
28066.000000
44484.000000
384906.000000
279984.000000
14000.000000
319633.000000
373469.000000
420658.000000
64162.000000
279608.000000
327096.000000
20182.000000
10122.000000
129973.000000
6987.000000
32856.000000
77972.000000
274649.000000
355893.000000
29299.000000
23742.000000
13123.000000
26161.000000
40233.000000
329876.000000
15360.000000
12353.000000
198033.000000
105568.000000
53735.000000
8284.000000
36110.000000
404533.000000
44074.000000
355893.000000
28954.000000
32672.000000
23742.000000
153311.000000
262792.000000
95048.000000
86272.000000
87665.000000
289224.000000
225629.000000
122205.000000
9222.000000
126952.000000
37590.000000
340769.000000
59709.000000
256262.000000
11123.000000
96608.000000
34317.000000
194827.000000
128568.000000
61856.000000
34880.000000
25710.000000
2253.000000
147390.000000
241457.000000
122648.000000
320641.000000
