0.000000
0.000000
0.000000
0.000000
0.000000
0.000000
468224.000000
25671.000000
6213.000000
50630.000000
13534.000000
60533.000000
93180.000000
56121.000000
62519.000000
102315.000000
110598.000000
86724.000000
12047.000000
81305.000000
15629.000000
101090.000000
5708.000000
78931.000000
59380.000000
59380.000000
94171.000000
97465.000000
18723.000000
96154.000000
42014.000000
86379.000000
92622.000000
83300.000000
77806.000000
102153.000000
80663.000000
107144.000000
75444.000000
116315.000000
102990.000000
66621.000000
76609.000000
31148.000000
84208.000000
11183.000000
82541.000000
116072.000000
63287.000000
89787.000000
20509.000000
75797.000000
97253.000000
116315.000000
43919.000000
113133.000000
45528.000000
87708.000000
57749.000000
47190.000000
57012.000000
88032.000000
79574.000000
108814.000000
92506.000000
64902.000000
68601.000000
42319.000000
73144.000000
62089.000000
23696.000000
95927.000000
63016.000000
82991.000000
28594.000000
62431.000000
73506.000000
36931.000000
81495.000000
86651.000000
62379.000000
83269.000000
104809.000000
10321.000000
24463.000000
7386.000000
45563.000000
75151.000000
75476.000000
9939.000000
6784.000000
5202.000000
16105.000000
7181.000000
59199.000000
99750.000000
82143.000000
76986.000000
5786.000000
6373.000000
4572.000000
12741.000000
93726.000000
4533.000000
4811.000000
51598.000000
19478.000000
80486.000000
112558.000000
57628.000000
70314.000000
31684.000000
17805.000000
69280.000000
70140.000000
113059.000000
1594.000000
96365.000000
75836.000000
81839.000000
92112.000000
41166.000000
79660.000000
80075.000000
67140.000000
66092.000000
97004.000000
5324.000000
79215.000000
90003.000000
93709.000000
44166.000000
104181.000000
81677.000000
31766.000000
57749.000000
115155.000000
77734.000000
102479.000000
9578.000000
8498.000000
4901.000000
95240.000000
62476.000000
94365.000000
67595.000000
65982.000000
69760.000000
42436.000000
92112.000000
85394.000000
84317.000000
18262.000000
100746.000000
113913.000000
91768.000000
104117.000000
71954.000000
75911.000000
74026.000000
60801.000000
31941.000000
32408.000000
18773.000000
107995.000000
72114.000000
95721.000000
25453.000000
10087.000000
80867.000000
85315.000000
87532.000000
68237.000000
85129.000000
40863.000000
87436.000000
38935.000000
102406.000000
81944.000000
30793.000000
93922.000000
107105.000000
87688.000000
75569.000000
100400.000000
78734.000000
15989.000000
31581.000000
40521.000000
79050.000000
6181.000000
5844.000000
6063.000000
31613.000000
11625.000000
8611.000000
9895.000000
18480.000000
43851.000000
22858.000000
43996.000000
64455.000000
6795.000000
13146.000000
91608.000000
4666.000000
111038.000000
82537.000000
67997.000000
45979.000000
8789.000000
96632.000000
17683.000000
31828.000000
29853.000000
79603.000000
122512.000000
85555.000000
84281.000000
103093.000000
106346.000000
37089.000000
35289.000000
106016.000000
7046.000000
30543.000000
10214.000000
19266.000000
17631.000000
6772.000000
3994.000000
6614.000000
8272.000000
91663.000000
92949.000000
6633.000000
5693.000000
5806.000000
35517.000000
11750.000000
76181.000000
9509.000000
4555.000000
15622.000000
26670.000000
80515.000000
94836.000000
119215.000000
113168.000000
95109.000000
103729.000000
41454.000000
11810.000000
7730.000000
107034.000000
74626.000000
43287.000000
77012.000000
97268.000000
43304.000000
37016.000000
24622.000000
72817.000000
13926.000000
79343.000000
40990.000000
86070.000000
82218.000000
92904.000000
74811.000000
39605.000000
93242.000000
88714.000000
30807.000000
41880.000000
10618.000000
5644.000000
3444.000000
7111.000000
7823.000000
9469.000000
84993.000000
97545.000000
41157.000000
97231.000000
16944.000000
81638.000000
28054.000000
95918.000000
83409.000000
100952.000000
64802.000000
109570.000000
38199.000000
83230.000000
112794.000000
90154.000000
82138.000000
83903.000000
80199.000000
105023.000000
115947.000000
95763.000000
99768.000000
23719.000000
83900.000000
106304.000000
91313.000000
96989.000000
71707.000000
33504.000000
92451.000000
97755.000000
13558.000000
112901.000000
93467.000000
70013.000000
19220.000000
92015.000000
95715.000000
82382.000000
95757.000000
82239.000000
36717.000000
31211.000000
76094.000000
100491.000000
67714.000000
5775.000000
112532.000000
84038.000000
45366.000000
30265.000000
9616.000000
3477.000000
3160.000000
98870.000000
103435.000000
75126.000000
81525.000000
59464.000000
98402.000000
86959.000000
77531.000000
95078.000000
94644.000000
87830.000000
76279.000000
84263.000000
54133.000000
22151.000000
12836.000000
66712.000000
67763.000000
8681.000000
54677.000000
71645.000000
74022.000000
81839.000000
30876.000000
27920.000000
40713.000000
35574.000000
4285.000000
10618.000000
104920.000000
69535.000000
76130.000000
19769.000000
5644.000000
7111.000000
7823.000000
9469.000000
13534.000000
16198.000000
102448.000000
97500.000000
34522.000000
103755.000000
63500.000000
21144.000000
75925.000000
24522.000000
66996.000000
38738.000000
41046.000000
105651.000000
101692.000000
13558.000000
88009.000000
96907.000000
94401.000000
62339.000000
82527.000000
68294.000000
16105.000000
7441.000000
105442.000000
7916.000000
36081.000000
69233.000000
65469.000000
105056.000000
24574.000000
28512.000000
10832.000000
21733.000000
40683.000000
95976.000000
20131.000000
16933.000000
71886.000000
59026.000000
58816.000000
6200.000000
24987.000000
113845.000000
26646.000000
105056.000000
25621.000000
37362.000000
28512.000000
92377.000000
61743.000000
70896.000000
58976.000000
26323.000000
66366.000000
59372.000000
79022.000000
11271.000000
95854.000000
31277.000000
108419.000000
56588.000000
81683.000000
4316.000000
43679.000000
28594.000000
100831.000000
72862.000000
45807.000000
24472.000000
27852.000000
2613.000000
87891.000000
84641.000000
56727.000000
103867.000000
