0.000000
0.000000
0.000000
0.000000
0.000000
0.000000
0.000000
0.000000
0.000000
0.000000
0.000000
0.000000
0.000000
0.000000
0.000000
0.000000
0.000000
0.000000
0.000000
0.000000
0.000000
0.000000
0.000000
0.000000
0.000000
0.000000
0.000000
0.000000
0.000000
0.000000
0.000000
0.000000
0.000000
0.000000
0.000000
0.000000
0.000000
0.000000
0.000000
0.000000
0.000000
0.000000
0.000000
0.000000
0.000000
0.000000
0.000000
0.000000
0.000000
0.000000
0.000000
0.000000
0.000000
0.000000
0.000000
0.000000
0.000000
0.000000
0.000000
0.000000
0.000000
0.000000
0.000000
0.000000
0.000000
0.000000
0.000000
0.000000
0.000000
401450.000000
23475.000000
81766.000000
49071.000000
84483.000000
22449.000000
60715.000000
64057.000000
74270.000000
83711.000000
67169.000000
85600.000000
81403.000000
99218.000000
10505.000000
15975.000000
5738.000000
43883.000000
75751.000000
80967.000000
10311.000000
7020.000000
4154.000000
20820.000000
12427.000000
60089.000000
73638.000000
70992.000000
77974.000000
7356.000000
4690.000000
4426.000000
10543.000000
90341.000000
4982.000000
4530.000000
53790.000000
17566.000000
92437.000000
82011.000000
65216.000000
68001.000000
52524.000000
19078.000000
69397.000000
69989.000000
83192.000000
2002.000000
79296.000000
78351.000000
74507.000000
80340.000000
65670.000000
67129.000000
48415.000000
45308.000000
42676.000000
103640.000000
4739.000000
82377.000000
80007.000000
65330.000000
59520.000000
104220.000000
66160.000000
33660.000000
48089.000000
77275.000000
71375.000000
90281.000000
12615.000000
9371.000000
3373.000000
73921.000000
48837.000000
72242.000000
60391.000000
78926.000000
77795.000000
43548.000000
80309.000000
80749.000000
94533.000000
29655.000000
100875.000000
79687.000000
66721.000000
89158.000000
64062.000000
59460.000000
74138.000000
66712.000000
37139.000000
28887.000000
15316.000000
75846.000000
73662.000000
98101.000000
54256.000000
10564.000000
88187.000000
86887.000000
81746.000000
67533.000000
79665.000000
43318.000000
84194.000000
44485.000000
91169.000000
64669.000000
27783.000000
80272.000000
78508.000000
83812.000000
71939.000000
87301.000000
60354.000000
21080.000000
37095.000000
43839.000000
78540.000000
6703.000000
7396.000000
7272.000000
31716.000000
12395.000000
10874.000000
9938.000000
16580.000000
51371.000000
18197.000000
44639.000000
66311.000000
9306.000000
16644.000000
67154.000000
4358.000000
88142.000000
90173.000000
71698.000000
51677.000000
7466.000000
81899.000000
20774.000000
32692.000000
41260.000000
63431.000000
90870.000000
67140.000000
77151.000000
91428.000000
96799.000000
40881.000000
35210.000000
78074.000000
4751.000000
52088.000000
9215.000000
19610.000000
18956.000000
6301.000000
4272.000000
6150.000000
6350.000000
81122.000000
73160.000000
9284.000000
5151.000000
4671.000000
27342.000000
15927.000000
75362.000000
7511.000000
4402.000000
9225.000000
21406.000000
73912.000000
74529.000000
87975.000000
90207.000000
79643.000000
77841.000000
46407.000000
16022.000000
8306.000000
67657.000000
77362.000000
42610.000000
72169.000000
91690.000000
40261.000000
26929.000000
24095.000000
76845.000000
14885.000000
77830.000000
47188.000000
81607.000000
73914.000000
85914.000000
80227.000000
43730.000000
76473.000000
65933.000000
27255.000000
34315.000000
16614.000000
5280.000000
5677.000000
10148.000000
8605.000000
10740.000000
68250.000000
82344.000000
34881.000000
79235.000000
22735.000000
73243.000000
36237.000000
89478.000000
76220.000000
83994.000000
84663.000000
87291.000000
34443.000000
72714.000000
75927.000000
82350.000000
98576.000000
65039.000000
93209.000000
77852.000000
97251.000000
82401.000000
88992.000000
27956.000000
85650.000000
88530.000000
77710.000000
83594.000000
68706.000000
30508.000000
70767.000000
82283.000000
11707.000000
70011.000000
83900.000000
73364.000000
15154.000000
80343.000000
72790.000000
76721.000000
90555.000000
86240.000000
54210.000000
37553.000000
61928.000000
85345.000000
61291.000000
7666.000000
80587.000000
84120.000000
57275.000000
40224.000000
8982.000000
4760.000000
5646.000000
88603.000000
72842.000000
65938.000000
54064.000000
51062.000000
71634.000000
79501.000000
69091.000000
81623.000000
76172.000000
83539.000000
93282.000000
70704.000000
45991.000000
29471.000000
9079.000000
65885.000000
53057.000000
10631.000000
63956.000000
84943.000000
62584.000000
74507.000000
28382.000000
32379.000000
63411.000000
33382.000000
9214.000000
16614.000000
80251.000000
63562.000000
61898.000000
19880.000000
5280.000000
10148.000000
8605.000000
10740.000000
18197.000000
22055.000000
92835.000000
87647.000000
33204.000000
94715.000000
67136.000000
21020.000000
77790.000000
22106.000000
58301.000000
35749.000000
34608.000000
93247.000000
85426.000000
11707.000000
85883.000000
85013.000000
81247.000000
42876.000000
80372.000000
73458.000000
20820.000000
10046.000000
72984.000000
7612.000000
30042.000000
63149.000000
77767.000000
82660.000000
26649.000000
22910.000000
10513.000000
33302.000000
48345.000000
92950.000000
19835.000000
8969.000000
68826.000000
61828.000000
42732.000000
8048.000000
23694.000000
95380.000000
40110.000000
82660.000000
26480.000000
31672.000000
22910.000000
73802.000000
79830.000000
77539.000000
37014.000000
35099.000000
79331.000000
68701.000000
81555.000000
11309.000000
82575.000000
32720.000000
87051.000000
63449.000000
84573.000000
9214.000000
55156.000000
22449.000000
85304.000000
78744.000000
52005.000000
24033.000000
22371.000000
1816.000000
86769.000000
95752.000000
65353.000000
88208.000000
