0.000000
0.000000
0.000000
0.000000
0.000000
0.000000
0.000000
0.000000
0.000000
0.000000
0.000000
0.000000
0.000000
0.000000
0.000000
0.000000
0.000000
0.000000
0.000000
0.000000
0.000000
0.000000
0.000000
0.000000
0.000000
0.000000
0.000000
0.000000
0.000000
0.000000
0.000000
0.000000
0.000000
0.000000
0.000000
0.000000
0.000000
0.000000
0.000000
0.000000
0.000000
0.000000
0.000000
0.000000
0.000000
0.000000
0.000000
0.000000
0.000000
0.000000
0.000000
0.000000
0.000000
0.000000
0.000000
0.000000
0.000000
0.000000
0.000000
0.000000
0.000000
0.000000
0.000000
0.000000
0.000000
0.000000
0.000000
0.000000
0.000000
0.000000
86412.000000
21209.000000
21958.000000
19780.000000
12219.000000
26189.000000
13343.000000
14158.000000
22737.000000
21271.000000
18118.000000
22320.000000
18776.000000
8519.000000
14177.000000
4669.000000
15673.000000
15498.000000
17392.000000
12105.000000
7142.000000
4727.000000
13535.000000
10988.000000
21774.000000
21979.000000
18647.000000
24144.000000
6165.000000
4638.000000
3303.000000
6777.000000
19186.000000
4944.000000
3834.000000
21765.000000
13350.000000
20679.000000
24478.000000
17770.000000
18791.000000
19791.000000
13684.000000
14087.000000
14684.000000
21481.000000
1846.000000
21825.000000
20517.000000
20174.000000
24241.000000
13562.000000
17606.000000
19646.000000
18577.000000
19573.000000
27648.000000
3786.000000
17310.000000
19026.000000
21194.000000
13779.000000
20960.000000
22326.000000
14103.000000
19128.000000
22005.000000
20823.000000
23010.000000
8348.000000
5155.000000
4995.000000
18111.000000
18493.000000
25560.000000
16743.000000
17238.000000
18657.000000
16992.000000
24643.000000
18218.000000
17332.000000
14724.000000
20775.000000
27719.000000
23178.000000
21675.000000
20597.000000
20366.000000
21565.000000
19700.000000
14364.000000
14892.000000
10420.000000
20232.000000
19553.000000
22234.000000
11842.000000
8113.000000
21821.000000
18438.000000
18791.000000
21434.000000
14319.000000
14621.000000
22057.000000
15805.000000
22909.000000
18293.000000
16602.000000
22655.000000
20080.000000
22057.000000
18420.000000
21354.000000
19985.000000
14632.000000
11876.000000
22458.000000
22019.000000
5527.000000
5514.000000
9928.000000
23249.000000
10271.000000
10118.000000
9537.000000
17593.000000
18973.000000
12849.000000
19828.000000
16789.000000
10220.000000
9899.000000
19059.000000
4565.000000
25944.000000
21119.000000
19127.000000
10766.000000
8322.000000
19667.000000
16567.000000
15685.000000
13589.000000
18363.000000
23280.000000
22008.000000
26737.000000
25464.000000
24620.000000
17987.000000
20662.000000
22330.000000
4164.000000
16531.000000
7695.000000
17178.000000
4573.000000
3740.000000
3426.000000
6993.000000
6330.000000
19065.000000
19501.000000
6502.000000
3780.000000
4399.000000
15017.000000
11627.000000
18088.000000
7141.000000
3188.000000
12298.000000
14057.000000
18031.000000
25153.000000
24209.000000
22830.000000
27219.000000
23469.000000
16758.000000
11983.000000
8321.000000
23193.000000
22180.000000
19684.000000
21670.000000
22027.000000
21893.000000
19841.000000
16551.000000
22640.000000
11578.000000
23280.000000
19321.000000
25703.000000
25370.000000
23474.000000
19316.000000
21498.000000
16429.000000
22095.000000
21506.000000
18961.000000
13261.000000
5190.000000
2965.000000
7821.000000
6514.000000
8851.000000
18647.000000
22748.000000
19934.000000
18283.000000
50006.000000
19557.000000
20418.000000
21388.000000
18542.000000
21584.000000
24838.000000
19994.000000
20190.000000
21765.000000
19640.000000
23727.000000
22352.000000
19530.000000
20495.000000
22004.000000
18506.000000
20689.000000
20083.000000
12937.000000
20902.000000
21654.000000
19561.000000
20404.000000
21166.000000
15143.000000
17485.000000
18466.000000
10524.000000
22694.000000
22357.000000
21556.000000
13422.000000
18777.000000
20851.000000
15345.000000
23871.000000
22754.000000
15522.000000
13686.000000
14744.000000
21881.000000
17733.000000
5286.000000
22004.000000
18270.000000
18896.000000
16147.000000
7290.000000
3597.000000
5853.000000
19519.000000
23919.000000
17348.000000
22479.000000
16906.000000
21889.000000
18246.000000
20079.000000
20349.000000
24123.000000
18431.000000
21038.000000
11131.000000
10678.000000
12892.000000
6140.000000
21583.000000
18205.000000
7089.000000
13952.000000
21006.000000
23474.000000
20174.000000
20746.000000
18507.000000
17610.000000
14569.000000
8613.000000
13261.000000
19311.000000
21973.000000
16411.000000
13664.000000
5190.000000
7821.000000
6514.000000
8851.000000
11479.000000
8120.000000
18570.000000
23239.000000
22493.000000
17888.000000
19767.000000
15313.000000
19538.000000
12666.000000
20125.000000
16289.000000
18222.000000
22941.000000
17562.000000
10524.000000
26254.000000
20048.000000
29401.000000
18791.000000
21700.000000
21552.000000
13535.000000
6754.000000
23390.000000
7187.000000
18400.000000
21973.000000
18475.000000
22066.000000
17186.000000
14752.000000
11262.000000
20421.000000
24002.000000
20677.000000
12522.000000
13778.000000
13438.000000
21755.000000
20705.000000
4810.000000
15492.000000
29929.000000
16289.000000
22066.000000
13716.000000
18400.000000
14752.000000
19810.000000
18518.000000
23424.000000
13136.000000
17675.000000
18668.000000
14841.000000
16237.000000
9019.000000
23204.000000
13408.000000
20508.000000
17834.000000
23596.000000
8896.000000
17610.000000
12219.000000
20195.000000
19655.000000
17822.000000
13193.000000
14230.000000
2357.000000
18434.000000
17332.000000
13189.000000
18726.000000
