0.000000
0.000000
0.000000
0.000000
0.000000
0.000000
0.000000
0.000000
0.000000
0.000000
0.000000
0.000000
0.000000
0.000000
0.000000
0.000000
0.000000
0.000000
0.000000
0.000000
0.000000
0.000000
0.000000
0.000000
0.000000
0.000000
0.000000
0.000000
0.000000
0.000000
0.000000
0.000000
0.000000
0.000000
0.000000
0.000000
0.000000
0.000000
0.000000
0.000000
0.000000
0.000000
0.000000
0.000000
0.000000
0.000000
0.000000
0.000000
0.000000
0.000000
0.000000
0.000000
0.000000
0.000000
0.000000
0.000000
0.000000
0.000000
0.000000
0.000000
0.000000
0.000000
0.000000
0.000000
0.000000
0.000000
0.000000
0.000000
0.000000
0.000000
0.000000
703171.000000
55725.000000
137551.000000
25367.000000
64919.000000
76283.000000
43394.000000
145384.000000
117825.000000
107857.000000
163547.000000
171408.000000
10320.000000
16591.000000
5176.000000
52836.000000
108031.000000
116583.000000
11465.000000
7023.000000
4253.000000
29495.000000
14167.000000
67646.000000
90335.000000
147470.000000
131835.000000
7723.000000
6522.000000
5013.000000
10720.000000
118286.000000
5198.000000
5477.000000
54034.000000
18987.000000
139815.000000
186258.000000
57180.000000
96432.000000
43971.000000
13435.000000
119180.000000
71055.000000
168103.000000
2050.000000
154200.000000
129265.000000
92507.000000
143173.000000
48995.000000
96698.000000
87924.000000
56828.000000
61455.000000
129794.000000
4162.000000
88323.000000
133515.000000
137205.000000
59987.000000
174286.000000
131420.000000
31764.000000
56616.000000
130972.000000
118374.000000
144661.000000
11009.000000
10162.000000
4765.000000
124110.000000
66054.000000
138915.000000
81946.000000
83936.000000
81337.000000
48390.000000
150879.000000
113168.000000
137866.000000
27695.000000
132920.000000
157950.000000
118359.000000
170600.000000
71723.000000
58484.000000
80916.000000
64252.000000
30560.000000
27340.000000
21917.000000
152175.000000
78770.000000
134572.000000
41599.000000
11299.000000
126435.000000
137259.000000
117097.000000
78675.000000
142212.000000
52112.000000
138896.000000
41252.000000
141753.000000
137434.000000
30373.000000
134132.000000
120135.000000
138896.000000
81108.000000
160355.000000
85894.000000
19056.000000
28116.000000
42637.000000
88003.000000
5921.000000
5805.000000
7930.000000
32431.000000
13648.000000
9414.000000
10903.000000
20040.000000
54328.000000
18550.000000
50649.000000
72488.000000
9989.000000
13293.000000
138653.000000
4622.000000
138742.000000
132271.000000
103282.000000
62264.000000
7600.000000
147997.000000
18657.000000
63222.000000
29597.000000
116835.000000
181456.000000
103792.000000
155420.000000
146130.000000
150385.000000
41745.000000
32342.000000
157349.000000
4520.000000
53720.000000
9160.000000
24573.000000
17945.000000
4837.000000
3557.000000
5256.000000
9672.000000
136906.000000
92290.000000
10357.000000
4563.000000
5668.000000
31294.000000
13354.000000
91049.000000
8477.000000
3930.000000
15110.000000
22728.000000
121104.000000
362326.000000
148726.000000
143711.000000
135284.000000
155202.000000
48149.000000
13863.000000
6613.000000
155922.000000
104601.000000
45053.000000
97122.000000
153990.000000
37230.000000
29751.000000
25022.000000
139796.000000
13312.000000
101968.000000
49128.000000
144664.000000
132593.000000
164892.000000
82190.000000
51246.000000
117397.000000
92524.000000
27269.000000
42538.000000
27718.000000
7102.000000
4235.000000
7743.000000
8729.000000
12316.000000
145286.000000
132027.000000
35806.000000
138283.000000
18366.000000
116786.000000
32730.000000
116933.000000
129388.000000
158799.000000
144291.000000
132029.000000
43416.000000
97499.000000
134643.000000
145221.000000
161994.000000
109781.000000
146331.000000
164422.000000
153829.000000
117396.000000
147238.000000
22738.000000
116114.000000
162865.000000
275543.000000
136499.000000
123711.000000
31215.000000
95949.000000
135133.000000
13606.000000
139254.000000
151908.000000
128470.000000
19760.000000
157861.000000
132502.000000
102096.000000
151321.000000
140180.000000
30018.000000
42546.000000
90844.000000
125984.000000
60132.000000
7021.000000
144029.000000
95216.000000
51001.000000
30268.000000
14198.000000
5732.000000
5130.000000
129399.000000
138744.000000
79532.000000
83049.000000
48661.000000
151767.000000
122255.000000
86441.000000
145596.000000
143975.000000
131375.000000
121367.000000
121919.000000
53924.000000
25607.000000
9813.000000
86170.000000
104120.000000
8089.000000
56876.000000
144570.000000
82150.000000
92507.000000
25843.000000
41846.000000
46978.000000
37352.000000
6458.000000
27284.000000
144982.000000
90556.000000
81445.000000
26676.000000
7102.000000
7743.000000
8729.000000
12316.000000
15490.000000
20181.000000
145912.000000
180441.000000
34684.000000
172280.000000
92470.000000
17523.000000
116119.000000
27171.000000
78106.000000
44639.000000
42752.000000
155460.000000
159311.000000
13606.000000
111517.000000
157995.000000
174542.000000
57850.000000
130723.000000
126485.000000
29495.000000
9934.000000
134082.000000
7447.000000
39937.000000
89580.000000
118327.000000
156135.000000
24735.000000
30362.000000
11257.000000
29001.000000
48473.000000
140375.000000
21363.000000
11203.000000
102447.000000
82590.000000
49914.000000
5604.000000
29453.000000
180990.000000
34786.000000
156135.000000
23809.000000
39738.000000
30288.000000
125482.000000
131759.000000
82140.000000
77219.000000
71381.000000
116586.000000
102247.000000
126903.000000
9177.000000
101938.000000
33432.000000
154240.000000
79024.000000
185039.000000
6462.000000
46563.000000
25367.000000
148331.000000
77783.000000
57592.000000
45394.000000
27960.000000
3050.000000
131217.000000
140748.000000
99355.000000
163814.000000
