0.000000
0.000000
0.000000
0.000000
0.000000
0.000000
0.000000
0.000000
0.000000
0.000000
0.000000
0.000000
0.000000
0.000000
0.000000
0.000000
0.000000
0.000000
0.000000
0.000000
0.000000
0.000000
0.000000
0.000000
0.000000
0.000000
0.000000
0.000000
0.000000
0.000000
0.000000
0.000000
0.000000
0.000000
0.000000
0.000000
0.000000
0.000000
0.000000
0.000000
0.000000
0.000000
0.000000
0.000000
0.000000
0.000000
0.000000
0.000000
0.000000
0.000000
0.000000
0.000000
0.000000
0.000000
0.000000
0.000000
0.000000
0.000000
0.000000
0.000000
0.000000
0.000000
0.000000
0.000000
0.000000
0.000000
0.000000
0.000000
0.000000
0.000000
0.000000
0.000000
271742.000000
65401.000000
31321.000000
51010.000000
86026.000000
56968.000000
63765.000000
59663.000000
52077.000000
58588.000000
62964.000000
12376.000000
17824.000000
5800.000000
47867.000000
50795.000000
64648.000000
9281.000000
9390.000000
4041.000000
22889.000000
8332.000000
46960.000000
58447.000000
51813.000000
57712.000000
6401.000000
5580.000000
5732.000000
11143.000000
70652.000000
5677.000000
4556.000000
51519.000000
20450.000000
54587.000000
64747.000000
60859.000000
56088.000000
28837.000000
12229.000000
52088.000000
48006.000000
59432.000000
1809.000000
65817.000000
59915.000000
54785.000000
58939.000000
35569.000000
57713.000000
56814.000000
46073.000000
47382.000000
48417.000000
5123.000000
45477.000000
60425.000000
52376.000000
43151.000000
67523.000000
51597.000000
33279.000000
56286.000000
58797.000000
64568.000000
57499.000000
10964.000000
10301.000000
3179.000000
58016.000000
47409.000000
47809.000000
49880.000000
51591.000000
56336.000000
40063.000000
57979.000000
64732.000000
65708.000000
23710.000000
70323.000000
57762.000000
51475.000000
67018.000000
69033.000000
75366.000000
68878.000000
34619.000000
33685.000000
23417.000000
15713.000000
64585.000000
47708.000000
60113.000000
41924.000000
10738.000000
52539.000000
62345.000000
53934.000000
49677.000000
60150.000000
43562.000000
92835.000000
39826.000000
65045.000000
62685.000000
28367.000000
52604.000000
50677.000000
92835.000000
63359.000000
59487.000000
70289.000000
17464.000000
27672.000000
45375.000000
66612.000000
6862.000000
5639.000000
8560.000000
32316.000000
8370.000000
10211.000000
10119.000000
16633.000000
45611.000000
22303.000000
41158.000000
54422.000000
7347.000000
13054.000000
54342.000000
3985.000000
63900.000000
59585.000000
36502.000000
40501.000000
6224.000000
64979.000000
19843.000000
65825.000000
50905.000000
59678.000000
64788.000000
61174.000000
65349.000000
68351.000000
62540.000000
38628.000000
36236.000000
65386.000000
4698.000000
34717.000000
7802.000000
23293.000000
20590.000000
4960.000000
4700.000000
6511.000000
7165.000000
52491.000000
67791.000000
8753.000000
4429.000000
5443.000000
36825.000000
12843.000000
52770.000000
6250.000000
4661.000000
9770.000000
22090.000000
54652.000000
60536.000000
72809.000000
66020.000000
52241.000000
60686.000000
44694.000000
16296.000000
7744.000000
63814.000000
58323.000000
43071.000000
63253.000000
62098.000000
44016.000000
32089.000000
31144.000000
62501.000000
11970.000000
55734.000000
43631.000000
61278.000000
63743.000000
51608.000000
71638.000000
43759.000000
48291.000000
59236.000000
27267.000000
29224.000000
21039.000000
6662.000000
4934.000000
6686.000000
8088.000000
9647.000000
52190.000000
62052.000000
37619.000000
66236.000000
15745.000000
62127.000000
38298.000000
56451.000000
62941.000000
63243.000000
50163.000000
64815.000000
38710.000000
61764.000000
64518.000000
56413.000000
73168.000000
50663.000000
65076.000000
60063.000000
67544.000000
55958.000000
63404.000000
30192.000000
61588.000000
66448.000000
60343.000000
58315.000000
57819.000000
33213.000000
56914.000000
60630.000000
12809.000000
53326.000000
68908.000000
60048.000000
13528.000000
65777.000000
65610.000000
67502.000000
68244.000000
55298.000000
62999.000000
63497.000000
51557.000000
65009.000000
48224.000000
7975.000000
62458.000000
45348.000000
33297.000000
34476.000000
11534.000000
4473.000000
4256.000000
73149.000000
45619.000000
50275.000000
57185.000000
70641.000000
54530.000000
62149.000000
53570.000000
60005.000000
58268.000000
46880.000000
58339.000000
48147.000000
41502.000000
33127.000000
8509.000000
51706.000000
43061.000000
12979.000000
50241.000000
46832.000000
49182.000000
54785.000000
26661.000000
30408.000000
42134.000000
50265.000000
8626.000000
24790.000000
60713.000000
62762.000000
71518.000000
22343.000000
6662.000000
6686.000000
8088.000000
9647.000000
18324.000000
30790.000000
61895.000000
68488.000000
32593.000000
56698.000000
50871.000000
19942.000000
53981.000000
28888.000000
60550.000000
38013.000000
28360.000000
60167.000000
51519.000000
12809.000000
62902.000000
61423.000000
67201.000000
45965.000000
59821.000000
55799.000000
22889.000000
10764.000000
56414.000000
7961.000000
34289.000000
61450.000000
48731.000000
61849.000000
37360.000000
29099.000000
12104.000000
26837.000000
27415.000000
53185.000000
20178.000000
12952.000000
46951.000000
49604.000000
41842.000000
7218.000000
44692.000000
58284.000000
35990.000000
61849.000000
32335.000000
30504.000000
29099.000000
54746.000000
53367.000000
54930.000000
77392.000000
31843.000000
48078.000000
56155.000000
74228.000000
11911.000000
64413.000000
31459.000000
58399.000000
48964.000000
62556.000000
9018.000000
37973.000000
31321.000000
70143.000000
61566.000000
45609.000000
35613.000000
24168.000000
2336.000000
56256.000000
65996.000000
48124.000000
70735.000000
