0.000000
0.000000
0.000000
0.000000
0.000000
0.000000
0.000000
0.000000
0.000000
0.000000
0.000000
0.000000
0.000000
0.000000
0.000000
0.000000
0.000000
0.000000
0.000000
0.000000
0.000000
0.000000
0.000000
0.000000
0.000000
0.000000
0.000000
0.000000
0.000000
0.000000
0.000000
0.000000
0.000000
0.000000
0.000000
0.000000
0.000000
0.000000
0.000000
0.000000
0.000000
0.000000
0.000000
0.000000
0.000000
0.000000
0.000000
0.000000
0.000000
0.000000
0.000000
0.000000
0.000000
0.000000
0.000000
0.000000
0.000000
0.000000
0.000000
0.000000
0.000000
0.000000
0.000000
0.000000
0.000000
0.000000
0.000000
0.000000
0.000000
0.000000
0.000000
0.000000
0.000000
0.000000
167482.000000
27482.000000
40799.000000
41396.000000
38691.000000
23096.000000
29151.000000
34278.000000
38307.000000
11279.000000
18893.000000
3790.000000
35240.000000
20920.000000
30636.000000
6533.000000
5378.000000
5327.000000
23835.000000
3608.000000
25379.000000
20876.000000
30229.000000
28613.000000
5770.000000
3203.000000
3446.000000
7691.000000
24586.000000
4343.000000
4847.000000
28598.000000
13906.000000
28901.000000
32272.000000
37546.000000
27644.000000
18028.000000
11700.000000
31052.000000
23011.000000
31546.000000
1918.000000
34177.000000
37177.000000
37284.000000
35842.000000
31988.000000
37686.000000
30519.000000
29345.000000
26700.000000
31526.000000
4660.000000
37609.000000
37376.000000
35599.000000
28368.000000
31227.000000
22666.000000
24490.000000
22317.000000
29317.000000
26627.000000
28041.000000
10631.000000
6515.000000
4224.000000
30183.000000
26128.000000
22926.000000
28933.000000
29619.000000
26914.000000
23057.000000
36160.000000
31853.000000
29679.000000
35770.000000
32249.000000
35467.000000
42385.000000
32694.000000
51579.000000
36224.000000
42471.000000
23829.000000
28575.000000
17641.000000
12513.000000
36314.000000
27579.000000
30161.000000
21703.000000
10814.000000
39363.000000
39312.000000
27550.000000
26400.000000
31142.000000
34152.000000
39239.000000
24037.000000
38722.000000
38185.000000
17064.000000
26421.000000
37143.000000
39319.000000
29927.000000
39308.000000
44495.000000
17384.000000
25057.000000
29025.000000
28090.000000
6663.000000
5229.000000
4938.000000
19585.000000
7717.000000
6263.000000
9082.000000
15834.000000
26694.000000
15267.000000
18858.000000
30280.000000
7675.000000
9817.000000
34935.000000
2958.000000
29314.000000
25854.000000
31479.000000
19742.000000
5407.000000
38170.000000
16939.000000
45546.000000
37380.000000
42284.000000
30075.000000
27518.000000
23315.000000
30109.000000
28536.000000
26140.000000
22701.000000
25973.000000
3848.000000
21597.000000
6048.000000
16551.000000
9388.000000
3695.000000
2959.000000
5830.000000
4088.000000
23730.000000
33829.000000
5876.000000
4484.000000
3585.000000
16413.000000
9824.000000
25524.000000
5911.000000
2888.000000
8178.000000
14213.000000
30275.000000
25465.000000
36537.000000
28218.000000
29227.000000
26543.000000
29264.000000
8259.000000
4876.000000
27022.000000
32004.000000
35896.000000
29995.000000
31040.000000
19278.000000
17705.000000
26051.000000
23147.000000
7987.000000
37366.000000
21519.000000
26307.000000
24475.000000
28102.000000
44707.000000
34808.000000
18805.000000
35232.000000
16061.000000
22268.000000
18157.000000
3471.000000
2835.000000
6365.000000
5683.000000
10107.000000
30229.000000
30603.000000
31644.000000
37502.000000
11620.000000
28593.000000
18927.000000
22452.000000
30142.000000
25245.000000
26586.000000
30529.000000
24693.000000
28469.000000
29076.000000
24160.000000
36324.000000
34871.000000
22740.000000
30838.000000
29676.000000
34708.000000
28455.000000
16744.000000
26200.000000
43819.000000
31809.000000
29053.000000
31190.000000
19635.000000
34237.000000
31196.000000
9674.000000
22233.000000
34497.000000
44164.000000
7771.000000
24463.000000
38054.000000
34946.000000
34527.000000
25501.000000
37135.000000
35369.000000
42570.000000
30182.000000
36593.000000
9626.000000
29377.000000
32372.000000
37438.000000
24354.000000
6978.000000
3474.000000
4342.000000
39465.000000
29239.000000
25764.000000
26770.000000
41524.000000
36033.000000
26307.000000
28942.000000
30325.000000
40959.000000
29511.000000
25713.000000
29167.000000
27903.000000
13106.000000
9925.000000
30213.000000
33782.000000
19385.000000
25980.000000
27638.000000
22144.000000
37284.000000
20711.000000
46539.000000
44635.000000
33678.000000
8926.000000
23137.000000
30062.000000
29478.000000
51949.000000
17223.000000
3471.000000
6365.000000
5683.000000
10107.000000
41175.000000
44453.000000
42215.000000
33156.000000
31923.000000
30304.000000
28359.000000
15532.000000
25444.000000
21244.000000
32606.000000
23999.000000
22468.000000
29667.000000
31941.000000
9674.000000
26538.000000
33513.000000
31601.000000
31025.000000
34463.000000
31331.000000
23835.000000
7940.000000
32148.000000
6835.000000
24350.000000
25930.000000
29012.000000
29950.000000
25424.000000
26805.000000
10472.000000
17794.000000
26187.000000
37361.000000
17120.000000
9588.000000
35989.000000
39708.000000
18599.000000
14945.000000
123025.000000
28415.000000
25711.000000
29950.000000
26810.000000
24306.000000
26958.000000
32250.000000
39272.000000
30641.000000
36079.000000
20344.000000
28121.000000
26148.000000
34934.000000
6689.000000
24860.000000
21143.000000
24897.000000
31487.000000
29556.000000
9291.000000
44635.000000
167482.000000
27901.000000
34148.000000
35310.000000
26712.000000
14566.000000
1953.000000
27993.000000
29751.000000
38043.000000
34699.000000
