0.000000
0.000000
0.000000
0.000000
0.000000
0.000000
0.000000
0.000000
0.000000
0.000000
0.000000
0.000000
0.000000
0.000000
0.000000
0.000000
0.000000
0.000000
0.000000
0.000000
0.000000
0.000000
0.000000
0.000000
0.000000
0.000000
0.000000
0.000000
0.000000
0.000000
0.000000
0.000000
0.000000
0.000000
0.000000
0.000000
0.000000
0.000000
0.000000
0.000000
0.000000
0.000000
0.000000
0.000000
0.000000
0.000000
0.000000
0.000000
0.000000
0.000000
0.000000
0.000000
0.000000
0.000000
0.000000
0.000000
0.000000
0.000000
0.000000
0.000000
0.000000
0.000000
0.000000
0.000000
0.000000
0.000000
0.000000
0.000000
0.000000
0.000000
0.000000
0.000000
0.000000
0.000000
0.000000
298818.000000
56869.000000
41623.000000
64948.000000
63986.000000
63513.000000
58881.000000
73448.000000
11345.000000
15989.000000
5611.000000
29430.000000
65182.000000
61601.000000
11353.000000
7594.000000
3863.000000
39166.000000
9558.000000
51200.000000
57548.000000
62296.000000
55569.000000
6810.000000
5795.000000
4110.000000
10113.000000
59945.000000
5948.000000
6560.000000
42553.000000
18739.000000
70759.000000
73270.000000
57958.000000
35554.000000
31214.000000
12786.000000
53674.000000
62369.000000
66257.000000
2552.000000
62259.000000
62859.000000
66220.000000
68571.000000
42145.000000
68343.000000
45714.000000
49025.000000
30370.000000
61257.000000
7167.000000
60545.000000
56966.000000
68648.000000
42710.000000
77014.000000
53243.000000
32041.000000
45207.000000
61489.000000
57822.000000
75227.000000
8317.000000
11540.000000
4390.000000
61439.000000
38950.000000
70838.000000
54407.000000
59565.000000
58030.000000
44237.000000
67317.000000
71371.000000
61485.000000
32581.000000
72805.000000
58887.000000
67943.000000
64348.000000
42128.000000
52647.000000
47221.000000
58903.000000
35770.000000
27552.000000
11794.000000
60142.000000
60955.000000
69036.000000
24258.000000
9366.000000
72552.000000
69031.000000
67430.000000
58743.000000
66104.000000
38979.000000
74417.000000
32502.000000
65554.000000
66048.000000
17552.000000
65574.000000
53160.000000
73630.000000
58351.000000
65349.000000
59327.000000
21847.000000
31987.000000
30143.000000
56364.000000
6095.000000
7464.000000
4749.000000
29095.000000
12421.000000
10493.000000
8119.000000
18775.000000
42415.000000
16237.000000
40440.000000
60131.000000
8664.000000
13065.000000
70428.000000
4013.000000
65353.000000
54511.000000
48638.000000
54526.000000
7722.000000
71130.000000
19958.000000
47852.000000
33862.000000
56114.000000
72261.000000
60280.000000
60045.000000
65567.000000
69625.000000
37239.000000
36863.000000
68758.000000
6331.000000
23479.000000
8533.000000
23468.000000
20331.000000
4897.000000
4160.000000
5570.000000
7009.000000
61963.000000
62726.000000
6987.000000
4554.000000
4909.000000
22762.000000
13484.000000
67484.000000
6714.000000
5490.000000
11429.000000
21615.000000
59599.000000
72004.000000
68381.000000
58678.000000
56650.000000
63841.000000
41556.000000
13692.000000
8241.000000
62570.000000
57375.000000
45028.000000
67246.000000
68241.000000
30782.000000
24825.000000
24021.000000
65690.000000
11797.000000
62901.000000
46664.000000
63551.000000
61227.000000
61083.000000
60143.000000
51093.000000
44677.000000
55081.000000
29012.000000
37626.000000
38284.000000
5865.000000
6421.000000
7391.000000
8098.000000
10745.000000
63052.000000
67528.000000
37141.000000
56799.000000
14835.000000
66445.000000
23491.000000
58413.000000
64526.000000
60900.000000
62303.000000
58682.000000
38154.000000
60692.000000
75726.000000
60156.000000
68107.000000
59495.000000
63592.000000
64988.000000
64401.000000
60506.000000
56842.000000
17226.000000
62837.000000
67345.000000
70777.000000
59408.000000
68830.000000
29961.000000
64585.000000
69594.000000
14282.000000
60497.000000
67397.000000
64930.000000
16304.000000
66851.000000
52090.000000
62051.000000
67447.000000
66403.000000
24506.000000
43883.000000
46443.000000
55629.000000
60531.000000
6378.000000
75706.000000
67436.000000
56409.000000
31817.000000
8126.000000
5982.000000
5302.000000
75178.000000
68639.000000
50092.000000
52320.000000
48427.000000
64804.000000
58073.000000
58102.000000
61118.000000
60781.000000
64999.000000
61261.000000
47422.000000
44640.000000
27932.000000
8925.000000
39882.000000
68248.000000
5788.000000
44380.000000
61327.000000
53208.000000
66220.000000
27935.000000
23533.000000
28818.000000
43091.000000
15616.000000
38883.000000
54872.000000
62714.000000
55668.000000
19020.000000
5865.000000
7391.000000
8098.000000
10745.000000
18876.000000
26371.000000
72794.000000
65992.000000
29571.000000
64045.000000
56669.000000
17785.000000
52778.000000
28693.000000
49933.000000
24398.000000
30291.000000
70955.000000
65441.000000
14282.000000
61871.000000
83762.000000
69722.000000
44908.000000
65160.000000
63423.000000
39166.000000
9276.000000
72809.000000
5996.000000
32511.000000
60689.000000
78096.000000
67843.000000
30313.000000
18898.000000
14891.000000
24533.000000
45500.000000
76550.000000
22642.000000
11805.000000
57505.000000
44597.000000
42515.000000
5201.000000
28251.000000
65013.000000
28375.000000
67843.000000
30559.000000
32722.000000
18898.000000
66346.000000
70906.000000
58434.000000
58524.000000
72683.000000
68500.000000
72602.000000
67794.000000
10713.000000
57448.000000
33158.000000
57203.000000
42576.000000
70792.000000
16216.000000
28818.000000
27290.000000
65009.000000
61162.000000
42737.000000
21821.000000
26501.000000
1890.000000
53454.000000
61485.000000
55214.000000
68631.000000
