0.000000
0.000000
0.000000
0.000000
0.000000
0.000000
0.000000
117343.000000
5840.000000
25028.000000
10417.000000
18739.000000
24962.000000
23675.000000
20771.000000
26486.000000
25994.000000
22727.000000
10583.000000
29024.000000
11933.000000
28927.000000
5437.000000
30559.000000
30070.000000
30070.000000
29232.000000
27068.000000
13618.000000
27803.000000
26228.000000
28489.000000
27135.000000
29815.000000
22018.000000
27469.000000
27899.000000
29050.000000
30368.000000
25494.000000
27453.000000
23486.000000
29227.000000
17913.000000
18904.000000
12165.000000
26569.000000
29292.000000
21898.000000
24889.000000
15659.000000
27968.000000
25594.000000
25494.000000
20735.000000
24991.000000
18430.000000
26728.000000
29179.000000
21661.000000
20510.000000
27126.000000
24296.000000
26118.000000
23920.000000
28714.000000
27470.000000
20549.000000
27083.000000
25289.000000
11724.000000
31803.000000
25802.000000
22903.000000
17949.000000
21843.000000
21838.000000
15055.000000
37327.000000
30205.000000
22198.000000
29127.000000
31578.000000
10538.000000
14472.000000
6276.000000
24056.000000
21282.000000
28674.000000
9634.000000
6301.000000
5558.000000
13636.000000
5612.000000
26471.000000
27032.000000
28567.000000
28858.000000
6932.000000
7579.000000
5043.000000
12068.000000
30588.000000
4757.000000
5616.000000
26579.000000
14514.000000
25362.000000
23978.000000
18674.000000
21334.000000
19858.000000
15854.000000
26735.000000
23933.000000
27646.000000
2120.000000
27307.000000
27585.000000
23743.000000
27104.000000
12935.000000
29415.000000
24168.000000
19369.000000
27060.000000
28058.000000
4173.000000
25651.000000
24491.000000
24812.000000
24237.000000
30216.000000
29134.000000
18758.000000
29179.000000
28157.000000
24117.000000
25681.000000
7629.000000
6180.000000
5623.000000
31122.000000
21186.000000
28072.000000
24428.000000
23277.000000
27506.000000
17366.000000
27104.000000
27401.000000
23131.000000
8122.000000
25839.000000
24557.000000
26633.000000
33999.000000
22007.000000
20325.000000
22869.000000
23468.000000
21535.000000
19392.000000
11475.000000
29273.000000
28867.000000
30242.000000
19978.000000
8553.000000
23143.000000
26437.000000
24560.000000
17933.000000
25294.000000
16798.000000
29168.000000
16380.000000
28348.000000
28003.000000
22096.000000
22623.000000
27754.000000
28556.000000
29304.000000
28872.000000
29485.000000
14504.000000
15936.000000
21393.000000
25989.000000
4897.000000
5798.000000
7447.000000
32355.000000
8714.000000
7092.000000
10623.000000
17673.000000
28131.000000
19604.000000
25545.000000
32644.000000
6272.000000
10185.000000
24671.000000
3559.000000
24159.000000
32952.000000
21781.000000
17884.000000
7172.000000
25049.000000
17489.000000
20102.000000
16599.000000
26104.000000
34920.000000
23504.000000
29788.000000
32750.000000
32162.000000
21483.000000
20245.000000
36975.000000
6385.000000
19464.000000
8592.000000
22125.000000
17016.000000
6537.000000
4212.000000
7738.000000
7719.000000
30809.000000
28114.000000
6523.000000
3935.000000
4496.000000
19872.000000
13453.000000
20384.000000
8177.000000
4989.000000
10555.000000
17377.000000
23254.000000
33346.000000
27776.000000
26797.000000
26808.000000
30617.000000
18986.000000
16966.000000
5575.000000
30908.000000
23834.000000
26406.000000
24250.000000
28471.000000
23116.000000
29309.000000
21482.000000
26978.000000
10203.000000
25870.000000
20088.000000
25918.000000
28705.000000
22486.000000
23958.000000
26667.000000
24300.000000
29069.000000
16195.000000
21042.000000
13421.000000
4268.000000
4347.000000
9207.000000
8672.000000
8316.000000
27525.000000
28214.000000
20973.000000
28963.000000
15198.000000
28018.000000
19462.000000
26811.000000
29099.000000
32419.000000
27926.000000
27953.000000
24540.000000
26752.000000
28358.000000
31609.000000
23256.000000
30530.000000
23746.000000
36823.000000
32278.000000
28680.000000
28646.000000
13447.000000
23815.000000
29515.000000
28226.000000
32958.000000
23432.000000
22923.000000
26385.000000
27787.000000
8652.000000
33014.000000
30596.000000
24618.000000
18066.000000
30918.000000
23279.000000
27004.000000
31919.000000
25180.000000
19461.000000
19816.000000
19336.000000
23527.000000
26516.000000
5646.000000
25481.000000
21920.000000
20546.000000
19208.000000
9052.000000
5459.000000
4944.000000
26235.000000
27988.000000
23781.000000
30483.000000
23713.000000
28126.000000
24512.000000
20764.000000
25629.000000
25122.000000
29869.000000
33684.000000
24142.000000
19295.000000
14741.000000
6236.000000
24374.000000
20599.000000
5711.000000
19584.000000
20176.000000
20848.000000
23743.000000
16990.000000
16102.000000
17007.000000
20037.000000
9367.000000
13421.000000
30560.000000
28070.000000
24163.000000
17392.000000
4268.000000
9207.000000
8672.000000
8316.000000
10417.000000
16849.000000
24356.000000
30546.000000
20852.000000
25040.000000
22279.000000
20875.000000
27148.000000
21038.000000
28174.000000
21696.000000
27779.000000
30932.000000
25592.000000
8652.000000
28052.000000
29064.000000
29159.000000
25973.000000
32923.000000
22070.000000
13636.000000
12615.000000
33712.000000
7748.000000
24052.000000
24929.000000
22785.000000
27703.000000
18927.000000
16528.000000
9545.000000
14615.000000
24480.000000
29925.000000
9495.000000
10970.000000
22674.000000
18461.000000
28144.000000
5006.000000
17037.000000
26433.000000
22106.000000
27703.000000
18283.000000
24027.000000
16528.000000
28466.000000
21429.000000
24849.000000
21787.000000
19849.000000
22592.000000
23260.000000
23146.000000
9199.000000
21036.000000
23112.000000
26308.000000
31321.000000
29562.000000
6028.000000
17007.000000
17949.000000
33204.000000
24161.000000
26925.000000
15579.000000
41365.000000
2062.000000
22998.000000
22515.000000
15932.000000
27503.000000
