0.000000
0.000000
0.000000
0.000000
0.000000
0.000000
0.000000
0.000000
26202.000000
6079.000000
3717.000000
6033.000000
5238.000000
5336.000000
4817.000000
5783.000000
6523.000000
5640.000000
7439.000000
6478.000000
6087.000000
6277.000000
2603.000000
6472.000000
5654.000000
5654.000000
7169.000000
6762.000000
4781.000000
5565.000000
4933.000000
5770.000000
6635.000000
8238.000000
7800.000000
5663.000000
6537.000000
6283.000000
5395.000000
5955.000000
6399.000000
6484.000000
8152.000000
3624.000000
5275.000000
4363.000000
6301.000000
8060.000000
5889.000000
8691.000000
5659.000000
5513.000000
7365.000000
5955.000000
4417.000000
6391.000000
4787.000000
5851.000000
5066.000000
5848.000000
6202.000000
6353.000000
6127.000000
7333.000000
6157.000000
7594.000000
7496.000000
5722.000000
5964.000000
6516.000000
6086.000000
6684.000000
7863.000000
7608.000000
5366.000000
6364.000000
4778.000000
5478.000000
7033.000000
6089.000000
8940.000000
6612.000000
6309.000000
5966.000000
4552.000000
5457.000000
6814.000000
5738.000000
3237.000000
5564.000000
3859.000000
3165.000000
3873.000000
1959.000000
7094.000000
6468.000000
5852.000000
6684.000000
4615.000000
4894.000000
4428.000000
5158.000000
8333.000000
2549.000000
2570.000000
7615.000000
4916.000000
7439.000000
8435.000000
4330.000000
4970.000000
6946.000000
3395.000000
6487.000000
5544.000000
5455.000000
1487.000000
6180.000000
6626.000000
6039.000000
5119.000000
5357.000000
6065.000000
6139.000000
5182.000000
5531.000000
7356.000000
2433.000000
7117.000000
6509.000000
4908.000000
5068.000000
7490.000000
5337.000000
3620.000000
5066.000000
6485.000000
5997.000000
5542.000000
4987.000000
5346.000000
2882.000000
4590.000000
7098.000000
9191.000000
5238.000000
4905.000000
6327.000000
5618.000000
5130.000000
4372.000000
6071.000000
5445.000000
7113.000000
7229.000000
5347.000000
6331.000000
4851.000000
5874.000000
5098.000000
4477.000000
4663.000000
5574.000000
3756.000000
6761.000000
6351.000000
6229.000000
6104.000000
3326.000000
5519.000000
6301.000000
9063.000000
7151.000000
5726.000000
5559.000000
5488.000000
5888.000000
6309.000000
5512.000000
5549.000000
5318.000000
5626.000000
5357.000000
5842.000000
6065.000000
4566.000000
7029.000000
5535.000000
6505.000000
5614.000000
4264.000000
2849.000000
4342.000000
5315.000000
4286.000000
4010.000000
3499.000000
5124.000000
6433.000000
6229.000000
5045.000000
6980.000000
3492.000000
5821.000000
6322.000000
2976.000000
7690.000000
7147.000000
6052.000000
5320.000000
4625.000000
5918.000000
5564.000000
6641.000000
7995.000000
7002.000000
6373.000000
5803.000000
7613.000000
5003.000000
5865.000000
6418.000000
6783.000000
7961.000000
6128.000000
4623.000000
4886.000000
5596.000000
6059.000000
4240.000000
4167.000000
3161.000000
6245.000000
8083.000000
6172.000000
5203.000000
3607.000000
4928.000000
6419.000000
5812.000000
6222.000000
3209.000000
5483.000000
4983.000000
7477.000000
5965.000000
5917.000000
5761.000000
5279.000000
5937.000000
6066.000000
5593.000000
6735.000000
5019.000000
8525.000000
5706.000000
6986.000000
5627.000000
7012.000000
6262.000000
5787.000000
6773.000000
6262.000000
5344.000000
5645.000000
4540.000000
6265.000000
6817.000000
4746.000000
6206.000000
7380.000000
5657.000000
6473.000000
5321.000000
5033.000000
3425.000000
5982.000000
5574.000000
3361.000000
4210.000000
5324.000000
5738.000000
6253.000000
7230.000000
7378.000000
5721.000000
6228.000000
5183.000000
6782.000000
7647.000000
7561.000000
7055.000000
6075.000000
5683.000000
6273.000000
7816.000000
6856.000000
6909.000000
4529.000000
7331.000000
8212.000000
8779.000000
6885.000000
6036.000000
3658.000000
6302.000000
6208.000000
6147.000000
6090.000000
6919.000000
4181.000000
6795.000000
6871.000000
4608.000000
6904.000000
7094.000000
6564.000000
4827.000000
7436.000000
5621.000000
7153.000000
7745.000000
7771.000000
5311.000000
6948.000000
7210.000000
7126.000000
4970.000000
4029.000000
6599.000000
5799.000000
5891.000000
5615.000000
3898.000000
4306.000000
4225.000000
7541.000000
5886.000000
4966.000000
6295.000000
5617.000000
6869.000000
6990.000000
6235.000000
6171.000000
6426.000000
6294.000000
6199.000000
6375.000000
5910.000000
5367.000000
4948.000000
5942.000000
6073.000000
2533.000000
4872.000000
6514.000000
5198.000000
6039.000000
5525.000000
5077.000000
7537.000000
5043.000000
2101.000000
3425.000000
7123.000000
5405.000000
6704.000000
6256.000000
5982.000000
3361.000000
4210.000000
5324.000000
3717.000000
5495.000000
7511.000000
5751.000000
5506.000000
7752.000000
7140.000000
4934.000000
6965.000000
5867.000000
3875.000000
4747.000000
6669.000000
5193.000000
5464.000000
4608.000000
5405.000000
4505.000000
5800.000000
6184.000000
5545.000000
6060.000000
3873.000000
4785.000000
5445.000000
4309.000000
6667.000000
5405.000000
6482.000000
5536.000000
5269.000000
4081.000000
7395.000000
4930.000000
4550.000000
4633.000000
5250.000000
2967.000000
5166.000000
6688.000000
6427.000000
2049.000000
5448.000000
6960.000000
5492.000000
5536.000000
5554.000000
6617.000000
4081.000000
6311.000000
6474.000000
5775.000000
7459.000000
4857.000000
6846.000000
6340.000000
7723.000000
6052.000000
7954.000000
5281.000000
6577.000000
6754.000000
7237.000000
1499.000000
7537.000000
5366.000000
6086.000000
8737.000000
6264.000000
4689.000000
6229.000000
2345.000000
5595.000000
5539.000000
5271.000000
7239.000000
